1 0 1 0
-2 0 -2 0
-3 0 -3 0
-4 0 -4 0
-5 0 -5 0
-6 0 -6 0
-7 0 -7 0
-8 0 -8 0
-9 0 -9 0
-10 0 -10 0
-11 0 -11 0
12 0 12 0
-13 0 -13 0
-14 0 -14 0
-15 0 -15 0
-16 0 -16 0
-17 0 -17 0
-18 0 -18 0
-19 0 -19 0
-20 0 -20 0
-21 0 -21 0
-22 0 -22 0
23 0 23 0
-24 0 -24 0
-25 0 -25 0
-26 0 -26 0
-27 0 -27 0
-28 0 -28 0
-29 0 -29 0
-30 0 -30 0
-31 0 -31 0
-32 0 -32 0
-33 0 -33 0
34 0 34 0
-35 0 -35 0
-36 0 -36 0
-37 0 -37 0
-38 0 -38 0
-39 0 -39 0
-40 0 -40 0
-41 0 -41 0
-42 0 -42 0
-43 0 -43 0
-44 0 -44 0
45 0 45 0
-46 0 -46 0
-47 0 -47 0
-48 0 -48 0
-49 0 -49 0
-50 0 -50 0
-51 0 -51 0
-52 0 -52 0
-53 0 -53 0
-54 0 -54 0
-55 0 -55 0
56 0 56 0
-57 0 -57 0
-58 0 -58 0
-59 0 -59 0
-60 0 -60 0
-61 0 -61 0
-62 0 -62 0
-63 0 -63 0
-64 0 -64 0
-65 0 -65 0
-66 0 -66 0
67 0 67 0
-68 0 -68 0
-69 0 -69 0
-70 0 -70 0
-71 0 -71 0
-72 0 -72 0
-73 0 -73 0
-74 0 -74 0
-75 0 -75 0
-76 0 -76 0
-77 0 -77 0
78 0 78 0
-79 0 -79 0
-80 0 -80 0
-81 0 -81 0
-82 0 -82 0
-83 0 -83 0
-84 0 -84 0
-85 0 -85 0
-86 0 -86 0
-87 0 -87 0
-88 0 -88 0
89 0 89 0
-90 0 -90 0
-91 0 -91 0
-92 0 -92 0
-93 0 -93 0
-94 0 -94 0
-95 0 -95 0
-96 0 -96 0
-97 0 -97 0
-98 0 -98 0
-99 0 -99 0
100 0 100 0
-101 0 -101 0
-111 0 -111 0
-112 0 -112 0
-123 0 -123 0
-134 0 -134 0
-145 0 -145 0
-156 0 -156 0
-167 0 -167 0
-178 0 -178 0
-189 0 -189 0
-190 0 -190 0
-200 0 -200 0
-201 0 -201 0
-212 0 -212 0
-221 0 -221 0
-223 0 -223 0
-234 0 -234 0
-245 0 -245 0
-256 0 -256 0
-267 0 -267 0
-278 0 -278 0
-280 0 -280 0
-289 0 -289 0
-300 0 -300 0
-301 0 -301 0
-312 0 -312 0
-323 0 -323 0
-331 0 -331 0
-334 0 -334 0
-345 0 -345 0
-356 0 -356 0
-367 0 -367 0
-370 0 -370 0
-378 0 -378 0
-389 0 -389 0
-400 0 -400 0
-401 0 -401 0
-412 0 -412 0
-423 0 -423 0
-434 0 -434 0
-441 0 -441 0
-445 0 -445 0
-456 0 -456 0
-460 0 -460 0
-467 0 -467 0
-478 0 -478 0
-489 0 -489 0
-500 0 -500 0
-501 0 -501 0
-512 0 -512 0
-523 0 -523 0
-534 0 -534 0
-545 0 -545 0
-550 0 -550 0
-551 0 -551 0
-556 0 -556 0
-567 0 -567 0
-578 0 -578 0
-589 0 -589 0
-600 0 -600 0
-601 0 -601 0
-612 0 -612 0
-623 0 -623 0
-634 0 -634 0
-640 0 -640 0
-645 0 -645 0
-656 0 -656 0
-661 0 -661 0
-667 0 -667 0
-678 0 -678 0
-689 0 -689 0
-700 0 -700 0
-701 0 -701 0
-712 0 -712 0
-723 0 -723 0
-730 0 -730 0
-734 0 -734 0
-745 0 -745 0
-756 0 -756 0
-767 0 -767 0
-771 0 -771 0
-778 0 -778 0
-789 0 -789 0
-800 0 -800 0
-801 0 -801 0
-812 0 -812 0
-820 0 -820 0
-823 0 -823 0
-834 0 -834 0
-845 0 -845 0
-856 0 -856 0
-867 0 -867 0
-878 0 -878 0
-881 0 -881 0
-889 0 -889 0
-900 0 -900 0
-901 0 -901 0
-910 0 -910 0
-912 0 -912 0
-923 0 -923 0
-934 0 -934 0
-945 0 -945 0
-956 0 -956 0
-967 0 -967 0
-978 0 -978 0
-989 0 -989 0
-991 0 -991 0
-1000 0 -1000 0
-1006 0 -1006 0
-1010 0 -1010 0
-1013 0 -1013 0
-1030 0 -1030 0
-1039 0 -1039 0
-1047 0 -1047 0
-1054 0 -1054 0
-1062 0 -1062 0
-1071 0 -1071 0
-1088 0 -1088 0
-1091 0 -1091 0
-1095 0 -1095 0
-1106 0 -1106 0
-1113 0 -1113 0
-1120 0 -1120 0
-1130 0 -1130 0
-1139 0 -1139 0
-1147 0 -1147 0
-1154 0 -1154 0
-1162 0 -1162 0
-1171 0 -1171 0
-1181 0 -1181 0
-1188 0 -1188 0
-1195 0 -1195 0
-1201 0 -1201 0
-1202 0 -1202 0
-1203 0 -1203 0
-1204 0 -1204 0
-1205 0 -1205 0
1206 0 1206 0
-1207 0 -1207 0
-1208 0 -1208 0
-1209 0 -1209 0
-1210 0 -1210 0
-1211 0 -1211 0
-1212 0 -1212 0
1213 0 1213 0
-1214 0 -1214 0
-1215 0 -1215 0
-1216 0 -1216 0
-1217 0 -1217 0
-1218 0 -1218 0
-1219 0 -1219 0
-1220 0 -1220 0
-1221 0 -1221 0
-1222 0 -1222 0
-1223 0 -1223 0
-1224 0 -1224 0
-1225 0 -1225 0
-1226 0 -1226 0
-1227 0 -1227 0
-1228 0 -1228 0
-1229 0 -1229 0
1230 0 1230 0
-1231 0 -1231 0
-1232 0 -1232 0
-1233 0 -1233 0
-1234 0 -1234 0
-1235 0 -1235 0
-1236 0 -1236 0
-1237 0 -1237 0
-1238 0 -1238 0
1239 0 1239 0
-1240 0 -1240 0
-1241 0 -1241 0
-1242 0 -1242 0
-1243 0 -1243 0
-1244 0 -1244 0
-1245 0 -1245 0
-1246 0 -1246 0
1247 0 1247 0
-1248 0 -1248 0
-1249 0 -1249 0
-1250 0 -1250 0
-1251 0 -1251 0
-1252 0 -1252 0
-1253 0 -1253 0
1254 0 1254 0
-1255 0 -1255 0
-1256 0 -1256 0
-1257 0 -1257 0
-1258 0 -1258 0
-1259 0 -1259 0
-1260 0 -1260 0
-1261 0 -1261 0
1262 0 1262 0
-1263 0 -1263 0
-1264 0 -1264 0
-1265 0 -1265 0
-1266 0 -1266 0
-1267 0 -1267 0
-1268 0 -1268 0
-1269 0 -1269 0
-1270 0 -1270 0
1271 0 1271 0
-1272 0 -1272 0
-1273 0 -1273 0
-1274 0 -1274 0
-1275 0 -1275 0
-1276 0 -1276 0
-1277 0 -1277 0
-1278 0 -1278 0
-1279 0 -1279 0
-1280 0 -1280 0
-1281 0 -1281 0
-1282 0 -1282 0
-1283 0 -1283 0
-1284 0 -1284 0
-1285 0 -1285 0
-1286 0 -1286 0
-1287 0 -1287 0
1288 0 1288 0
-1289 0 -1289 0
-1290 0 -1290 0
-1291 0 -1291 0
-1292 0 -1292 0
-1293 0 -1293 0
-1294 0 -1294 0
1295 0 1295 0
-1296 0 -1296 0
-1297 0 -1297 0
-1298 0 -1298 0
-1299 0 -1299 0
-1300 0 -1300 0
-1306 0 -1306 0
-1313 0 -1313 0
-1330 0 -1330 0
-1339 0 -1339 0
-1340 0 -1340 0
-1347 0 -1347 0
-1354 0 -1354 0
-1361 0 -1361 0
-1362 0 -1362 0
-1371 0 -1371 0
-1388 0 -1388 0
-1395 0 -1395 0
-1406 0 -1406 0
-1413 0 -1413 0
-1430 0 -1430 0
-1439 0 -1439 0
-1447 0 -1447 0
-1450 0 -1450 0
-1451 0 -1451 0
-1454 0 -1454 0
-1462 0 -1462 0
-1471 0 -1471 0
-1488 0 -1488 0
-1495 0 -1495 0
-1506 0 -1506 0
-1513 0 -1513 0
-1530 0 -1530 0
-1539 0 -1539 0
-1541 0 -1541 0
-1547 0 -1547 0
-1554 0 -1554 0
-1560 0 -1560 0
-1562 0 -1562 0
-1571 0 -1571 0
-1588 0 -1588 0
-1595 0 -1595 0
-1606 0 -1606 0
-1613 0 -1613 0
-1630 0 -1630 0
-1631 0 -1631 0
-1639 0 -1639 0
-1647 0 -1647 0
-1654 0 -1654 0
-1662 0 -1662 0
-1670 0 -1670 0
-1671 0 -1671 0
-1688 0 -1688 0
-1695 0 -1695 0
-1706 0 -1706 0
-1713 0 -1713 0
-1721 0 -1721 0
-1730 0 -1730 0
-1739 0 -1739 0
-1747 0 -1747 0
-1754 0 -1754 0
-1762 0 -1762 0
-1771 0 -1771 0
-1780 0 -1780 0
-1788 0 -1788 0
-1795 0 -1795 0
-1806 0 -1806 0
-1811 0 -1811 0
-1813 0 -1813 0
-1830 0 -1830 0
-1839 0 -1839 0
-1847 0 -1847 0
-1854 0 -1854 0
-1862 0 -1862 0
-1871 0 -1871 0
-1888 0 -1888 0
-1890 0 -1890 0
-1895 0 -1895 0
-1901 0 -1901 0
-1906 0 -1906 0
-1913 0 -1913 0
-1930 0 -1930 0
-1939 0 -1939 0
-1947 0 -1947 0
-1954 0 -1954 0
-1962 0 -1962 0
-1971 0 -1971 0
-1988 0 -1988 0
-1995 0 -1995 0
-2000 0 -2000 0
1999 -549 0 1999 0
-1999 549 0 -1999 0
1998 -548 0 1998 0
-1998 548 0 -1998 0
1997 -547 0 1997 0
-1997 547 0 -1997 0
1996 -546 0 1996 0
-1996 546 0 -1996 0
1994 -544 0 1994 0
-1994 544 0 -1994 0
1993 -543 0 1993 0
-1993 543 0 -1993 0
1992 -542 0 1992 0
-1992 542 0 -1992 0
1991 -541 0 1991 0
-1991 541 0 -1991 0
1990 -580 0 1990 0
-1990 580 0 -1990 0
1989 -579 0 1989 0
-1989 579 0 -1989 0
1987 -577 0 1987 0
-1987 577 0 -1987 0
1986 -576 0 1986 0
-1986 576 0 -1986 0
1985 -575 0 1985 0
-1985 575 0 -1985 0
1984 -574 0 1984 0
-1984 574 0 -1984 0
1983 -573 0 1983 0
-1983 573 0 -1983 0
1982 -572 0 1982 0
-1982 572 0 -1982 0
1981 -571 0 1981 0
-1981 571 0 -1981 0
1980 -510 0 1980 0
-1980 510 0 -1980 0
1979 -509 0 1979 0
-1979 509 0 -1979 0
1978 -508 0 1978 0
-1978 508 0 -1978 0
1977 -507 0 1977 0
-1977 507 0 -1977 0
1976 -506 0 1976 0
-1976 506 0 -1976 0
1975 -505 0 1975 0
-1975 505 0 -1975 0
1974 -504 0 1974 0
-1974 504 0 -1974 0
1973 -503 0 1973 0
-1973 503 0 -1973 0
1972 -502 0 1972 0
-1972 502 0 -1972 0
1970 -520 0 1970 0
-1970 520 0 -1970 0
1969 -519 0 1969 0
-1969 519 0 -1969 0
1968 -518 0 1968 0
-1968 518 0 -1968 0
1967 -517 0 1967 0
-1967 517 0 -1967 0
1966 -516 0 1966 0
-1966 516 0 -1966 0
1965 -515 0 1965 0
-1965 515 0 -1965 0
1964 -514 0 1964 0
-1964 514 0 -1964 0
1963 -513 0 1963 0
-1963 513 0 -1963 0
1961 -511 0 1961 0
-1961 511 0 -1961 0
1960 -540 0 1960 0
-1960 540 0 -1960 0
1959 -539 0 1959 0
-1959 539 0 -1959 0
1958 -538 0 1958 0
-1958 538 0 -1958 0
1957 -537 0 1957 0
-1957 537 0 -1957 0
1956 -536 0 1956 0
-1956 536 0 -1956 0
1955 -535 0 1955 0
-1955 535 0 -1955 0
1953 -533 0 1953 0
-1953 533 0 -1953 0
1952 -532 0 1952 0
-1952 532 0 -1952 0
1951 -531 0 1951 0
-1951 531 0 -1951 0
1950 -570 0 1950 0
-1950 570 0 -1950 0
1949 -569 0 1949 0
-1949 569 0 -1949 0
1948 -568 0 1948 0
-1948 568 0 -1948 0
1946 -566 0 1946 0
-1946 566 0 -1946 0
1945 -565 0 1945 0
-1945 565 0 -1945 0
1944 -564 0 1944 0
-1944 564 0 -1944 0
1943 -563 0 1943 0
-1943 563 0 -1943 0
1942 -562 0 1942 0
-1942 562 0 -1942 0
1941 -561 0 1941 0
-1941 561 0 -1941 0
1940 -590 0 1940 0
-1940 590 0 -1940 0
1938 -588 0 1938 0
-1938 588 0 -1938 0
1937 -587 0 1937 0
-1937 587 0 -1937 0
1936 -586 0 1936 0
-1936 586 0 -1936 0
1935 -585 0 1935 0
-1935 585 0 -1935 0
1934 -584 0 1934 0
-1934 584 0 -1934 0
1933 -583 0 1933 0
-1933 583 0 -1933 0
1932 -582 0 1932 0
-1932 582 0 -1932 0
1931 -581 0 1931 0
-1931 581 0 -1931 0
1929 -599 0 1929 0
-1929 599 0 -1929 0
1928 -598 0 1928 0
-1928 598 0 -1928 0
1927 -597 0 1927 0
-1927 597 0 -1927 0
1926 -596 0 1926 0
-1926 596 0 -1926 0
1925 -595 0 1925 0
-1925 595 0 -1925 0
1924 -594 0 1924 0
-1924 594 0 -1924 0
1923 -593 0 1923 0
-1923 593 0 -1923 0
1922 -592 0 1922 0
-1922 592 0 -1922 0
1921 -591 0 1921 0
-1921 591 0 -1921 0
1920 -530 0 1920 0
-1920 530 0 -1920 0
1919 -529 0 1919 0
-1919 529 0 -1919 0
1918 -528 0 1918 0
-1918 528 0 -1918 0
1917 -527 0 1917 0
-1917 527 0 -1917 0
1916 -526 0 1916 0
-1916 526 0 -1916 0
1915 -525 0 1915 0
-1915 525 0 -1915 0
1914 -524 0 1914 0
-1914 524 0 -1914 0
1912 -522 0 1912 0
-1912 522 0 -1912 0
1911 -521 0 1911 0
-1911 521 0 -1911 0
1910 -560 0 1910 0
-1910 560 0 -1910 0
1909 -559 0 1909 0
-1909 559 0 -1909 0
1908 -558 0 1908 0
-1908 558 0 -1908 0
1907 -557 0 1907 0
-1907 557 0 -1907 0
1905 -555 0 1905 0
-1905 555 0 -1905 0
1904 -554 0 1904 0
-1904 554 0 -1904 0
1903 -553 0 1903 0
-1903 553 0 -1903 0
1902 -552 0 1902 0
-1902 552 0 -1902 0
1900 -250 0 1900 0
-1900 250 0 -1900 0
1899 -249 0 1899 0
-1899 249 0 -1899 0
1898 -248 0 1898 0
-1898 248 0 -1898 0
1897 -247 0 1897 0
-1897 247 0 -1897 0
1896 -246 0 1896 0
-1896 246 0 -1896 0
1894 -244 0 1894 0
-1894 244 0 -1894 0
1893 -243 0 1893 0
-1893 243 0 -1893 0
1892 -242 0 1892 0
-1892 242 0 -1892 0
1891 -241 0 1891 0
-1891 241 0 -1891 0
1889 -279 0 1889 0
-1889 279 0 -1889 0
1887 -277 0 1887 0
-1887 277 0 -1887 0
1886 -276 0 1886 0
-1886 276 0 -1886 0
1885 -275 0 1885 0
-1885 275 0 -1885 0
1884 -274 0 1884 0
-1884 274 0 -1884 0
1883 -273 0 1883 0
-1883 273 0 -1883 0
1882 -272 0 1882 0
-1882 272 0 -1882 0
1881 -271 0 1881 0
-1881 271 0 -1881 0
1880 -210 0 1880 0
-1880 210 0 -1880 0
1879 -209 0 1879 0
-1879 209 0 -1879 0
1878 -208 0 1878 0
-1878 208 0 -1878 0
1877 -207 0 1877 0
-1877 207 0 -1877 0
1876 -206 0 1876 0
-1876 206 0 -1876 0
1875 -205 0 1875 0
-1875 205 0 -1875 0
1874 -204 0 1874 0
-1874 204 0 -1874 0
1873 -203 0 1873 0
-1873 203 0 -1873 0
1872 -202 0 1872 0
-1872 202 0 -1872 0
1870 -220 0 1870 0
-1870 220 0 -1870 0
1869 -219 0 1869 0
-1869 219 0 -1869 0
1868 -218 0 1868 0
-1868 218 0 -1868 0
1867 -217 0 1867 0
-1867 217 0 -1867 0
1866 -216 0 1866 0
-1866 216 0 -1866 0
1865 -215 0 1865 0
-1865 215 0 -1865 0
1864 -214 0 1864 0
-1864 214 0 -1864 0
1863 -213 0 1863 0
-1863 213 0 -1863 0
1861 -211 0 1861 0
-1861 211 0 -1861 0
1860 -240 0 1860 0
-1860 240 0 -1860 0
1859 -239 0 1859 0
-1859 239 0 -1859 0
1858 -238 0 1858 0
-1858 238 0 -1858 0
1857 -237 0 1857 0
-1857 237 0 -1857 0
1856 -236 0 1856 0
-1856 236 0 -1856 0
1855 -235 0 1855 0
-1855 235 0 -1855 0
1853 -233 0 1853 0
-1853 233 0 -1853 0
1852 -232 0 1852 0
-1852 232 0 -1852 0
1851 -231 0 1851 0
-1851 231 0 -1851 0
1850 -270 0 1850 0
-1850 270 0 -1850 0
1849 -269 0 1849 0
-1849 269 0 -1849 0
1848 -268 0 1848 0
-1848 268 0 -1848 0
1846 -266 0 1846 0
-1846 266 0 -1846 0
1845 -265 0 1845 0
-1845 265 0 -1845 0
1844 -264 0 1844 0
-1844 264 0 -1844 0
1843 -263 0 1843 0
-1843 263 0 -1843 0
1842 -262 0 1842 0
-1842 262 0 -1842 0
1841 -261 0 1841 0
-1841 261 0 -1841 0
1840 -290 0 1840 0
-1840 290 0 -1840 0
1838 -288 0 1838 0
-1838 288 0 -1838 0
1837 -287 0 1837 0
-1837 287 0 -1837 0
1836 -286 0 1836 0
-1836 286 0 -1836 0
1835 -285 0 1835 0
-1835 285 0 -1835 0
1834 -284 0 1834 0
-1834 284 0 -1834 0
1833 -283 0 1833 0
-1833 283 0 -1833 0
1832 -282 0 1832 0
-1832 282 0 -1832 0
1831 -281 0 1831 0
-1831 281 0 -1831 0
1829 -299 0 1829 0
-1829 299 0 -1829 0
1828 -298 0 1828 0
-1828 298 0 -1828 0
1827 -297 0 1827 0
-1827 297 0 -1827 0
1826 -296 0 1826 0
-1826 296 0 -1826 0
1825 -295 0 1825 0
-1825 295 0 -1825 0
1824 -294 0 1824 0
-1824 294 0 -1824 0
1823 -293 0 1823 0
-1823 293 0 -1823 0
1822 -292 0 1822 0
-1822 292 0 -1822 0
1821 -291 0 1821 0
-1821 291 0 -1821 0
1820 -230 0 1820 0
-1820 230 0 -1820 0
1819 -229 0 1819 0
-1819 229 0 -1819 0
1818 -228 0 1818 0
-1818 228 0 -1818 0
1817 -227 0 1817 0
-1817 227 0 -1817 0
1816 -226 0 1816 0
-1816 226 0 -1816 0
1815 -225 0 1815 0
-1815 225 0 -1815 0
1814 -224 0 1814 0
-1814 224 0 -1814 0
1812 -222 0 1812 0
-1812 222 0 -1812 0
1810 -260 0 1810 0
-1810 260 0 -1810 0
1809 -259 0 1809 0
-1809 259 0 -1809 0
1808 -258 0 1808 0
-1808 258 0 -1808 0
1807 -257 0 1807 0
-1807 257 0 -1807 0
1805 -255 0 1805 0
-1805 255 0 -1805 0
1804 -254 0 1804 0
-1804 254 0 -1804 0
1803 -253 0 1803 0
-1803 253 0 -1803 0
1802 -252 0 1802 0
-1802 252 0 -1802 0
1801 -251 0 1801 0
-1801 251 0 -1801 0
1800 -950 0 1800 0
-1800 950 0 -1800 0
1799 -949 0 1799 0
-1799 949 0 -1799 0
1798 -948 0 1798 0
-1798 948 0 -1798 0
1797 -947 0 1797 0
-1797 947 0 -1797 0
1796 -946 0 1796 0
-1796 946 0 -1796 0
1794 -944 0 1794 0
-1794 944 0 -1794 0
1793 -943 0 1793 0
-1793 943 0 -1793 0
1792 -942 0 1792 0
-1792 942 0 -1792 0
1791 -941 0 1791 0
-1791 941 0 -1791 0
1790 -980 0 1790 0
-1790 980 0 -1790 0
1789 -979 0 1789 0
-1789 979 0 -1789 0
1787 -977 0 1787 0
-1787 977 0 -1787 0
1786 -976 0 1786 0
-1786 976 0 -1786 0
1785 -975 0 1785 0
-1785 975 0 -1785 0
1784 -974 0 1784 0
-1784 974 0 -1784 0
1783 -973 0 1783 0
-1783 973 0 -1783 0
1782 -972 0 1782 0
-1782 972 0 -1782 0
1781 -971 0 1781 0
-1781 971 0 -1781 0
1779 -909 0 1779 0
-1779 909 0 -1779 0
1778 -908 0 1778 0
-1778 908 0 -1778 0
1777 -907 0 1777 0
-1777 907 0 -1777 0
1776 -906 0 1776 0
-1776 906 0 -1776 0
1775 -905 0 1775 0
-1775 905 0 -1775 0
1774 -904 0 1774 0
-1774 904 0 -1774 0
1773 -903 0 1773 0
-1773 903 0 -1773 0
1772 -902 0 1772 0
-1772 902 0 -1772 0
1770 -920 0 1770 0
-1770 920 0 -1770 0
1769 -919 0 1769 0
-1769 919 0 -1769 0
1768 -918 0 1768 0
-1768 918 0 -1768 0
1767 -917 0 1767 0
-1767 917 0 -1767 0
1766 -916 0 1766 0
-1766 916 0 -1766 0
1765 -915 0 1765 0
-1765 915 0 -1765 0
1764 -914 0 1764 0
-1764 914 0 -1764 0
1763 -913 0 1763 0
-1763 913 0 -1763 0
1761 -911 0 1761 0
-1761 911 0 -1761 0
1760 -940 0 1760 0
-1760 940 0 -1760 0
1759 -939 0 1759 0
-1759 939 0 -1759 0
1758 -938 0 1758 0
-1758 938 0 -1758 0
1757 -937 0 1757 0
-1757 937 0 -1757 0
1756 -936 0 1756 0
-1756 936 0 -1756 0
1755 -935 0 1755 0
-1755 935 0 -1755 0
1753 -933 0 1753 0
-1753 933 0 -1753 0
1752 -932 0 1752 0
-1752 932 0 -1752 0
1751 -931 0 1751 0
-1751 931 0 -1751 0
1750 -970 0 1750 0
-1750 970 0 -1750 0
1749 -969 0 1749 0
-1749 969 0 -1749 0
1748 -968 0 1748 0
-1748 968 0 -1748 0
1746 -966 0 1746 0
-1746 966 0 -1746 0
1745 -965 0 1745 0
-1745 965 0 -1745 0
1744 -964 0 1744 0
-1744 964 0 -1744 0
1743 -963 0 1743 0
-1743 963 0 -1743 0
1742 -962 0 1742 0
-1742 962 0 -1742 0
1741 -961 0 1741 0
-1741 961 0 -1741 0
1740 -990 0 1740 0
-1740 990 0 -1740 0
1738 -988 0 1738 0
-1738 988 0 -1738 0
1737 -987 0 1737 0
-1737 987 0 -1737 0
1736 -986 0 1736 0
-1736 986 0 -1736 0
1735 -985 0 1735 0
-1735 985 0 -1735 0
1734 -984 0 1734 0
-1734 984 0 -1734 0
1733 -983 0 1733 0
-1733 983 0 -1733 0
1732 -982 0 1732 0
-1732 982 0 -1732 0
1731 -981 0 1731 0
-1731 981 0 -1731 0
1729 -999 0 1729 0
-1729 999 0 -1729 0
1728 -998 0 1728 0
-1728 998 0 -1728 0
1727 -997 0 1727 0
-1727 997 0 -1727 0
1726 -996 0 1726 0
-1726 996 0 -1726 0
1725 -995 0 1725 0
-1725 995 0 -1725 0
1724 -994 0 1724 0
-1724 994 0 -1724 0
1723 -993 0 1723 0
-1723 993 0 -1723 0
1722 -992 0 1722 0
-1722 992 0 -1722 0
1720 -930 0 1720 0
-1720 930 0 -1720 0
1719 -929 0 1719 0
-1719 929 0 -1719 0
1718 -928 0 1718 0
-1718 928 0 -1718 0
1717 -927 0 1717 0
-1717 927 0 -1717 0
1716 -926 0 1716 0
-1716 926 0 -1716 0
1715 -925 0 1715 0
-1715 925 0 -1715 0
1714 -924 0 1714 0
-1714 924 0 -1714 0
1712 -922 0 1712 0
-1712 922 0 -1712 0
1711 -921 0 1711 0
-1711 921 0 -1711 0
1710 -960 0 1710 0
-1710 960 0 -1710 0
1709 -959 0 1709 0
-1709 959 0 -1709 0
1708 -958 0 1708 0
-1708 958 0 -1708 0
1707 -957 0 1707 0
-1707 957 0 -1707 0
1705 -955 0 1705 0
-1705 955 0 -1705 0
1704 -954 0 1704 0
-1704 954 0 -1704 0
1703 -953 0 1703 0
-1703 953 0 -1703 0
1702 -952 0 1702 0
-1702 952 0 -1702 0
1701 -951 0 1701 0
-1701 951 0 -1701 0
1700 -850 0 1700 0
-1700 850 0 -1700 0
1699 -849 0 1699 0
-1699 849 0 -1699 0
1698 -848 0 1698 0
-1698 848 0 -1698 0
1697 -847 0 1697 0
-1697 847 0 -1697 0
1696 -846 0 1696 0
-1696 846 0 -1696 0
1694 -844 0 1694 0
-1694 844 0 -1694 0
1693 -843 0 1693 0
-1693 843 0 -1693 0
1692 -842 0 1692 0
-1692 842 0 -1692 0
1691 -841 0 1691 0
-1691 841 0 -1691 0
1690 -880 0 1690 0
-1690 880 0 -1690 0
1689 -879 0 1689 0
-1689 879 0 -1689 0
1687 -877 0 1687 0
-1687 877 0 -1687 0
1686 -876 0 1686 0
-1686 876 0 -1686 0
1685 -875 0 1685 0
-1685 875 0 -1685 0
1684 -874 0 1684 0
-1684 874 0 -1684 0
1683 -873 0 1683 0
-1683 873 0 -1683 0
1682 -872 0 1682 0
-1682 872 0 -1682 0
1681 -871 0 1681 0
-1681 871 0 -1681 0
1680 -810 0 1680 0
-1680 810 0 -1680 0
1679 -809 0 1679 0
-1679 809 0 -1679 0
1678 -808 0 1678 0
-1678 808 0 -1678 0
1677 -807 0 1677 0
-1677 807 0 -1677 0
1676 -806 0 1676 0
-1676 806 0 -1676 0
1675 -805 0 1675 0
-1675 805 0 -1675 0
1674 -804 0 1674 0
-1674 804 0 -1674 0
1673 -803 0 1673 0
-1673 803 0 -1673 0
1672 -802 0 1672 0
-1672 802 0 -1672 0
1669 -819 0 1669 0
-1669 819 0 -1669 0
1668 -818 0 1668 0
-1668 818 0 -1668 0
1667 -817 0 1667 0
-1667 817 0 -1667 0
1666 -816 0 1666 0
-1666 816 0 -1666 0
1665 -815 0 1665 0
-1665 815 0 -1665 0
1664 -814 0 1664 0
-1664 814 0 -1664 0
1663 -813 0 1663 0
-1663 813 0 -1663 0
1661 -811 0 1661 0
-1661 811 0 -1661 0
1660 -840 0 1660 0
-1660 840 0 -1660 0
1659 -839 0 1659 0
-1659 839 0 -1659 0
1658 -838 0 1658 0
-1658 838 0 -1658 0
1657 -837 0 1657 0
-1657 837 0 -1657 0
1656 -836 0 1656 0
-1656 836 0 -1656 0
1655 -835 0 1655 0
-1655 835 0 -1655 0
1653 -833 0 1653 0
-1653 833 0 -1653 0
1652 -832 0 1652 0
-1652 832 0 -1652 0
1651 -831 0 1651 0
-1651 831 0 -1651 0
1650 -870 0 1650 0
-1650 870 0 -1650 0
1649 -869 0 1649 0
-1649 869 0 -1649 0
1648 -868 0 1648 0
-1648 868 0 -1648 0
1646 -866 0 1646 0
-1646 866 0 -1646 0
1645 -865 0 1645 0
-1645 865 0 -1645 0
1644 -864 0 1644 0
-1644 864 0 -1644 0
1643 -863 0 1643 0
-1643 863 0 -1643 0
1642 -862 0 1642 0
-1642 862 0 -1642 0
1641 -861 0 1641 0
-1641 861 0 -1641 0
1640 -890 0 1640 0
-1640 890 0 -1640 0
1638 -888 0 1638 0
-1638 888 0 -1638 0
1637 -887 0 1637 0
-1637 887 0 -1637 0
1636 -886 0 1636 0
-1636 886 0 -1636 0
1635 -885 0 1635 0
-1635 885 0 -1635 0
1634 -884 0 1634 0
-1634 884 0 -1634 0
1633 -883 0 1633 0
-1633 883 0 -1633 0
1632 -882 0 1632 0
-1632 882 0 -1632 0
1629 -899 0 1629 0
-1629 899 0 -1629 0
1628 -898 0 1628 0
-1628 898 0 -1628 0
1627 -897 0 1627 0
-1627 897 0 -1627 0
1626 -896 0 1626 0
-1626 896 0 -1626 0
1625 -895 0 1625 0
-1625 895 0 -1625 0
1624 -894 0 1624 0
-1624 894 0 -1624 0
1623 -893 0 1623 0
-1623 893 0 -1623 0
1622 -892 0 1622 0
-1622 892 0 -1622 0
1621 -891 0 1621 0
-1621 891 0 -1621 0
1620 -830 0 1620 0
-1620 830 0 -1620 0
1619 -829 0 1619 0
-1619 829 0 -1619 0
1618 -828 0 1618 0
-1618 828 0 -1618 0
1617 -827 0 1617 0
-1617 827 0 -1617 0
1616 -826 0 1616 0
-1616 826 0 -1616 0
1615 -825 0 1615 0
-1615 825 0 -1615 0
1614 -824 0 1614 0
-1614 824 0 -1614 0
1612 -822 0 1612 0
-1612 822 0 -1612 0
1611 -821 0 1611 0
-1611 821 0 -1611 0
1610 -860 0 1610 0
-1610 860 0 -1610 0
1609 -859 0 1609 0
-1609 859 0 -1609 0
1608 -858 0 1608 0
-1608 858 0 -1608 0
1607 -857 0 1607 0
-1607 857 0 -1607 0
1605 -855 0 1605 0
-1605 855 0 -1605 0
1604 -854 0 1604 0
-1604 854 0 -1604 0
1603 -853 0 1603 0
-1603 853 0 -1603 0
1602 -852 0 1602 0
-1602 852 0 -1602 0
1601 -851 0 1601 0
-1601 851 0 -1601 0
1600 -650 0 1600 0
-1600 650 0 -1600 0
1599 -649 0 1599 0
-1599 649 0 -1599 0
1598 -648 0 1598 0
-1598 648 0 -1598 0
1597 -647 0 1597 0
-1597 647 0 -1597 0
1596 -646 0 1596 0
-1596 646 0 -1596 0
1594 -644 0 1594 0
-1594 644 0 -1594 0
1593 -643 0 1593 0
-1593 643 0 -1593 0
1592 -642 0 1592 0
-1592 642 0 -1592 0
1591 -641 0 1591 0
-1591 641 0 -1591 0
1590 -680 0 1590 0
-1590 680 0 -1590 0
1589 -679 0 1589 0
-1589 679 0 -1589 0
1587 -677 0 1587 0
-1587 677 0 -1587 0
1586 -676 0 1586 0
-1586 676 0 -1586 0
1585 -675 0 1585 0
-1585 675 0 -1585 0
1584 -674 0 1584 0
-1584 674 0 -1584 0
1583 -673 0 1583 0
-1583 673 0 -1583 0
1582 -672 0 1582 0
-1582 672 0 -1582 0
1581 -671 0 1581 0
-1581 671 0 -1581 0
1580 -610 0 1580 0
-1580 610 0 -1580 0
1579 -609 0 1579 0
-1579 609 0 -1579 0
1578 -608 0 1578 0
-1578 608 0 -1578 0
1577 -607 0 1577 0
-1577 607 0 -1577 0
1576 -606 0 1576 0
-1576 606 0 -1576 0
1575 -605 0 1575 0
-1575 605 0 -1575 0
1574 -604 0 1574 0
-1574 604 0 -1574 0
1573 -603 0 1573 0
-1573 603 0 -1573 0
1572 -602 0 1572 0
-1572 602 0 -1572 0
1570 -620 0 1570 0
-1570 620 0 -1570 0
1569 -619 0 1569 0
-1569 619 0 -1569 0
1568 -618 0 1568 0
-1568 618 0 -1568 0
1567 -617 0 1567 0
-1567 617 0 -1567 0
1566 -616 0 1566 0
-1566 616 0 -1566 0
1565 -615 0 1565 0
-1565 615 0 -1565 0
1564 -614 0 1564 0
-1564 614 0 -1564 0
1563 -613 0 1563 0
-1563 613 0 -1563 0
1561 -611 0 1561 0
-1561 611 0 -1561 0
1559 -639 0 1559 0
-1559 639 0 -1559 0
1558 -638 0 1558 0
-1558 638 0 -1558 0
1557 -637 0 1557 0
-1557 637 0 -1557 0
1556 -636 0 1556 0
-1556 636 0 -1556 0
1555 -635 0 1555 0
-1555 635 0 -1555 0
1553 -633 0 1553 0
-1553 633 0 -1553 0
1552 -632 0 1552 0
-1552 632 0 -1552 0
1551 -631 0 1551 0
-1551 631 0 -1551 0
1550 -670 0 1550 0
-1550 670 0 -1550 0
1549 -669 0 1549 0
-1549 669 0 -1549 0
1548 -668 0 1548 0
-1548 668 0 -1548 0
1546 -666 0 1546 0
-1546 666 0 -1546 0
1545 -665 0 1545 0
-1545 665 0 -1545 0
1544 -664 0 1544 0
-1544 664 0 -1544 0
1543 -663 0 1543 0
-1543 663 0 -1543 0
1542 -662 0 1542 0
-1542 662 0 -1542 0
1540 -690 0 1540 0
-1540 690 0 -1540 0
1538 -688 0 1538 0
-1538 688 0 -1538 0
1537 -687 0 1537 0
-1537 687 0 -1537 0
1536 -686 0 1536 0
-1536 686 0 -1536 0
1535 -685 0 1535 0
-1535 685 0 -1535 0
1534 -684 0 1534 0
-1534 684 0 -1534 0
1533 -683 0 1533 0
-1533 683 0 -1533 0
1532 -682 0 1532 0
-1532 682 0 -1532 0
1531 -681 0 1531 0
-1531 681 0 -1531 0
1529 -699 0 1529 0
-1529 699 0 -1529 0
1528 -698 0 1528 0
-1528 698 0 -1528 0
1527 -697 0 1527 0
-1527 697 0 -1527 0
1526 -696 0 1526 0
-1526 696 0 -1526 0
1525 -695 0 1525 0
-1525 695 0 -1525 0
1524 -694 0 1524 0
-1524 694 0 -1524 0
1523 -693 0 1523 0
-1523 693 0 -1523 0
1522 -692 0 1522 0
-1522 692 0 -1522 0
1521 -691 0 1521 0
-1521 691 0 -1521 0
1520 -630 0 1520 0
-1520 630 0 -1520 0
1519 -629 0 1519 0
-1519 629 0 -1519 0
1518 -628 0 1518 0
-1518 628 0 -1518 0
1517 -627 0 1517 0
-1517 627 0 -1517 0
1516 -626 0 1516 0
-1516 626 0 -1516 0
1515 -625 0 1515 0
-1515 625 0 -1515 0
1514 -624 0 1514 0
-1514 624 0 -1514 0
1512 -622 0 1512 0
-1512 622 0 -1512 0
1511 -621 0 1511 0
-1511 621 0 -1511 0
1510 -660 0 1510 0
-1510 660 0 -1510 0
1509 -659 0 1509 0
-1509 659 0 -1509 0
1508 -658 0 1508 0
-1508 658 0 -1508 0
1507 -657 0 1507 0
-1507 657 0 -1507 0
1505 -655 0 1505 0
-1505 655 0 -1505 0
1504 -654 0 1504 0
-1504 654 0 -1504 0
1503 -653 0 1503 0
-1503 653 0 -1503 0
1502 -652 0 1502 0
-1502 652 0 -1502 0
1501 -651 0 1501 0
-1501 651 0 -1501 0
1500 -350 0 1500 0
-1500 350 0 -1500 0
1499 -349 0 1499 0
-1499 349 0 -1499 0
1498 -348 0 1498 0
-1498 348 0 -1498 0
1497 -347 0 1497 0
-1497 347 0 -1497 0
1496 -346 0 1496 0
-1496 346 0 -1496 0
1494 -344 0 1494 0
-1494 344 0 -1494 0
1493 -343 0 1493 0
-1493 343 0 -1493 0
1492 -342 0 1492 0
-1492 342 0 -1492 0
1491 -341 0 1491 0
-1491 341 0 -1491 0
1490 -380 0 1490 0
-1490 380 0 -1490 0
1489 -379 0 1489 0
-1489 379 0 -1489 0
1487 -377 0 1487 0
-1487 377 0 -1487 0
1486 -376 0 1486 0
-1486 376 0 -1486 0
1485 -375 0 1485 0
-1485 375 0 -1485 0
1484 -374 0 1484 0
-1484 374 0 -1484 0
1483 -373 0 1483 0
-1483 373 0 -1483 0
1482 -372 0 1482 0
-1482 372 0 -1482 0
1481 -371 0 1481 0
-1481 371 0 -1481 0
1480 -310 0 1480 0
-1480 310 0 -1480 0
1479 -309 0 1479 0
-1479 309 0 -1479 0
1478 -308 0 1478 0
-1478 308 0 -1478 0
1477 -307 0 1477 0
-1477 307 0 -1477 0
1476 -306 0 1476 0
-1476 306 0 -1476 0
1475 -305 0 1475 0
-1475 305 0 -1475 0
1474 -304 0 1474 0
-1474 304 0 -1474 0
1473 -303 0 1473 0
-1473 303 0 -1473 0
1472 -302 0 1472 0
-1472 302 0 -1472 0
1470 -320 0 1470 0
-1470 320 0 -1470 0
1469 -319 0 1469 0
-1469 319 0 -1469 0
1468 -318 0 1468 0
-1468 318 0 -1468 0
1467 -317 0 1467 0
-1467 317 0 -1467 0
1466 -316 0 1466 0
-1466 316 0 -1466 0
1465 -315 0 1465 0
-1465 315 0 -1465 0
1464 -314 0 1464 0
-1464 314 0 -1464 0
1463 -313 0 1463 0
-1463 313 0 -1463 0
1461 -311 0 1461 0
-1461 311 0 -1461 0
1460 -340 0 1460 0
-1460 340 0 -1460 0
1459 -339 0 1459 0
-1459 339 0 -1459 0
1458 -338 0 1458 0
-1458 338 0 -1458 0
1457 -337 0 1457 0
-1457 337 0 -1457 0
1456 -336 0 1456 0
-1456 336 0 -1456 0
1455 -335 0 1455 0
-1455 335 0 -1455 0
1453 -333 0 1453 0
-1453 333 0 -1453 0
1452 -332 0 1452 0
-1452 332 0 -1452 0
1449 -369 0 1449 0
-1449 369 0 -1449 0
1448 -368 0 1448 0
-1448 368 0 -1448 0
1446 -366 0 1446 0
-1446 366 0 -1446 0
1445 -365 0 1445 0
-1445 365 0 -1445 0
1444 -364 0 1444 0
-1444 364 0 -1444 0
1443 -363 0 1443 0
-1443 363 0 -1443 0
1442 -362 0 1442 0
-1442 362 0 -1442 0
1441 -361 0 1441 0
-1441 361 0 -1441 0
1440 -390 0 1440 0
-1440 390 0 -1440 0
1438 -388 0 1438 0
-1438 388 0 -1438 0
1437 -387 0 1437 0
-1437 387 0 -1437 0
1436 -386 0 1436 0
-1436 386 0 -1436 0
1435 -385 0 1435 0
-1435 385 0 -1435 0
1434 -384 0 1434 0
-1434 384 0 -1434 0
1433 -383 0 1433 0
-1433 383 0 -1433 0
1432 -382 0 1432 0
-1432 382 0 -1432 0
1431 -381 0 1431 0
-1431 381 0 -1431 0
1429 -399 0 1429 0
-1429 399 0 -1429 0
1428 -398 0 1428 0
-1428 398 0 -1428 0
1427 -397 0 1427 0
-1427 397 0 -1427 0
1426 -396 0 1426 0
-1426 396 0 -1426 0
1425 -395 0 1425 0
-1425 395 0 -1425 0
1424 -394 0 1424 0
-1424 394 0 -1424 0
1423 -393 0 1423 0
-1423 393 0 -1423 0
1422 -392 0 1422 0
-1422 392 0 -1422 0
1421 -391 0 1421 0
-1421 391 0 -1421 0
1420 -330 0 1420 0
-1420 330 0 -1420 0
1419 -329 0 1419 0
-1419 329 0 -1419 0
1418 -328 0 1418 0
-1418 328 0 -1418 0
1417 -327 0 1417 0
-1417 327 0 -1417 0
1416 -326 0 1416 0
-1416 326 0 -1416 0
1415 -325 0 1415 0
-1415 325 0 -1415 0
1414 -324 0 1414 0
-1414 324 0 -1414 0
1412 -322 0 1412 0
-1412 322 0 -1412 0
1411 -321 0 1411 0
-1411 321 0 -1411 0
1410 -360 0 1410 0
-1410 360 0 -1410 0
1409 -359 0 1409 0
-1409 359 0 -1409 0
1408 -358 0 1408 0
-1408 358 0 -1408 0
1407 -357 0 1407 0
-1407 357 0 -1407 0
1405 -355 0 1405 0
-1405 355 0 -1405 0
1404 -354 0 1404 0
-1404 354 0 -1404 0
1403 -353 0 1403 0
-1403 353 0 -1403 0
1402 -352 0 1402 0
-1402 352 0 -1402 0
1401 -351 0 1401 0
-1401 351 0 -1401 0
1400 -150 0 1400 0
-1400 150 0 -1400 0
1399 -149 0 1399 0
-1399 149 0 -1399 0
1398 -148 0 1398 0
-1398 148 0 -1398 0
1397 -147 0 1397 0
-1397 147 0 -1397 0
1396 -146 0 1396 0
-1396 146 0 -1396 0
1394 -144 0 1394 0
-1394 144 0 -1394 0
1393 -143 0 1393 0
-1393 143 0 -1393 0
1392 -142 0 1392 0
-1392 142 0 -1392 0
1391 -141 0 1391 0
-1391 141 0 -1391 0
1390 -180 0 1390 0
-1390 180 0 -1390 0
1389 -179 0 1389 0
-1389 179 0 -1389 0
1387 -177 0 1387 0
-1387 177 0 -1387 0
1386 -176 0 1386 0
-1386 176 0 -1386 0
1385 -175 0 1385 0
-1385 175 0 -1385 0
1384 -174 0 1384 0
-1384 174 0 -1384 0
1383 -173 0 1383 0
-1383 173 0 -1383 0
1382 -172 0 1382 0
-1382 172 0 -1382 0
1381 -171 0 1381 0
-1381 171 0 -1381 0
1380 -110 0 1380 0
-1380 110 0 -1380 0
1379 -109 0 1379 0
-1379 109 0 -1379 0
1378 -108 0 1378 0
-1378 108 0 -1378 0
1377 -107 0 1377 0
-1377 107 0 -1377 0
1376 -106 0 1376 0
-1376 106 0 -1376 0
1375 -105 0 1375 0
-1375 105 0 -1375 0
1374 -104 0 1374 0
-1374 104 0 -1374 0
1373 -103 0 1373 0
-1373 103 0 -1373 0
1372 -102 0 1372 0
-1372 102 0 -1372 0
1370 -120 0 1370 0
-1370 120 0 -1370 0
1369 -119 0 1369 0
-1369 119 0 -1369 0
1368 -118 0 1368 0
-1368 118 0 -1368 0
1367 -117 0 1367 0
-1367 117 0 -1367 0
1366 -116 0 1366 0
-1366 116 0 -1366 0
1365 -115 0 1365 0
-1365 115 0 -1365 0
1364 -114 0 1364 0
-1364 114 0 -1364 0
1363 -113 0 1363 0
-1363 113 0 -1363 0
1360 -140 0 1360 0
-1360 140 0 -1360 0
1359 -139 0 1359 0
-1359 139 0 -1359 0
1358 -138 0 1358 0
-1358 138 0 -1358 0
1357 -137 0 1357 0
-1357 137 0 -1357 0
1356 -136 0 1356 0
-1356 136 0 -1356 0
1355 -135 0 1355 0
-1355 135 0 -1355 0
1353 -133 0 1353 0
-1353 133 0 -1353 0
1352 -132 0 1352 0
-1352 132 0 -1352 0
1351 -131 0 1351 0
-1351 131 0 -1351 0
1350 -170 0 1350 0
-1350 170 0 -1350 0
1349 -169 0 1349 0
-1349 169 0 -1349 0
1348 -168 0 1348 0
-1348 168 0 -1348 0
1346 -166 0 1346 0
-1346 166 0 -1346 0
1345 -165 0 1345 0
-1345 165 0 -1345 0
1344 -164 0 1344 0
-1344 164 0 -1344 0
1343 -163 0 1343 0
-1343 163 0 -1343 0
1342 -162 0 1342 0
-1342 162 0 -1342 0
1341 -161 0 1341 0
-1341 161 0 -1341 0
1338 -188 0 1338 0
-1338 188 0 -1338 0
1337 -187 0 1337 0
-1337 187 0 -1337 0
1336 -186 0 1336 0
-1336 186 0 -1336 0
1335 -185 0 1335 0
-1335 185 0 -1335 0
1334 -184 0 1334 0
-1334 184 0 -1334 0
1333 -183 0 1333 0
-1333 183 0 -1333 0
1332 -182 0 1332 0
-1332 182 0 -1332 0
1331 -181 0 1331 0
-1331 181 0 -1331 0
1329 -199 0 1329 0
-1329 199 0 -1329 0
1328 -198 0 1328 0
-1328 198 0 -1328 0
1327 -197 0 1327 0
-1327 197 0 -1327 0
1326 -196 0 1326 0
-1326 196 0 -1326 0
1325 -195 0 1325 0
-1325 195 0 -1325 0
1324 -194 0 1324 0
-1324 194 0 -1324 0
1323 -193 0 1323 0
-1323 193 0 -1323 0
1322 -192 0 1322 0
-1322 192 0 -1322 0
1321 -191 0 1321 0
-1321 191 0 -1321 0
1320 -130 0 1320 0
-1320 130 0 -1320 0
1319 -129 0 1319 0
-1319 129 0 -1319 0
1318 -128 0 1318 0
-1318 128 0 -1318 0
1317 -127 0 1317 0
-1317 127 0 -1317 0
1316 -126 0 1316 0
-1316 126 0 -1316 0
1315 -125 0 1315 0
-1315 125 0 -1315 0
1314 -124 0 1314 0
-1314 124 0 -1314 0
1312 -122 0 1312 0
-1312 122 0 -1312 0
1311 -121 0 1311 0
-1311 121 0 -1311 0
1310 -160 0 1310 0
-1310 160 0 -1310 0
1309 -159 0 1309 0
-1309 159 0 -1309 0
1308 -158 0 1308 0
-1308 158 0 -1308 0
1307 -157 0 1307 0
-1307 157 0 -1307 0
1305 -155 0 1305 0
-1305 155 0 -1305 0
1304 -154 0 1304 0
-1304 154 0 -1304 0
1303 -153 0 1303 0
-1303 153 0 -1303 0
1302 -152 0 1302 0
-1302 152 0 -1302 0
1301 -151 0 1301 0
-1301 151 0 -1301 0
1200 -750 0 1200 0
-1200 750 0 -1200 0
1199 -749 0 1199 0
-1199 749 0 -1199 0
1198 -748 0 1198 0
-1198 748 0 -1198 0
1197 -747 0 1197 0
-1197 747 0 -1197 0
1196 -746 0 1196 0
-1196 746 0 -1196 0
1194 -744 0 1194 0
-1194 744 0 -1194 0
1193 -743 0 1193 0
-1193 743 0 -1193 0
1192 -742 0 1192 0
-1192 742 0 -1192 0
1191 -741 0 1191 0
-1191 741 0 -1191 0
1190 -780 0 1190 0
-1190 780 0 -1190 0
1189 -779 0 1189 0
-1189 779 0 -1189 0
1187 -777 0 1187 0
-1187 777 0 -1187 0
1186 -776 0 1186 0
-1186 776 0 -1186 0
1185 -775 0 1185 0
-1185 775 0 -1185 0
1184 -774 0 1184 0
-1184 774 0 -1184 0
1183 -773 0 1183 0
-1183 773 0 -1183 0
1182 -772 0 1182 0
-1182 772 0 -1182 0
1180 -710 0 1180 0
-1180 710 0 -1180 0
1179 -709 0 1179 0
-1179 709 0 -1179 0
1178 -708 0 1178 0
-1178 708 0 -1178 0
1177 -707 0 1177 0
-1177 707 0 -1177 0
1176 -706 0 1176 0
-1176 706 0 -1176 0
1175 -705 0 1175 0
-1175 705 0 -1175 0
1174 -704 0 1174 0
-1174 704 0 -1174 0
1173 -703 0 1173 0
-1173 703 0 -1173 0
1172 -702 0 1172 0
-1172 702 0 -1172 0
1170 -720 0 1170 0
-1170 720 0 -1170 0
1169 -719 0 1169 0
-1169 719 0 -1169 0
1168 -718 0 1168 0
-1168 718 0 -1168 0
1167 -717 0 1167 0
-1167 717 0 -1167 0
1166 -716 0 1166 0
-1166 716 0 -1166 0
1165 -715 0 1165 0
-1165 715 0 -1165 0
1164 -714 0 1164 0
-1164 714 0 -1164 0
1163 -713 0 1163 0
-1163 713 0 -1163 0
1161 -711 0 1161 0
-1161 711 0 -1161 0
1160 -740 0 1160 0
-1160 740 0 -1160 0
1159 -739 0 1159 0
-1159 739 0 -1159 0
1158 -738 0 1158 0
-1158 738 0 -1158 0
1157 -737 0 1157 0
-1157 737 0 -1157 0
1156 -736 0 1156 0
-1156 736 0 -1156 0
1155 -735 0 1155 0
-1155 735 0 -1155 0
1153 -733 0 1153 0
-1153 733 0 -1153 0
1152 -732 0 1152 0
-1152 732 0 -1152 0
1151 -731 0 1151 0
-1151 731 0 -1151 0
1150 -770 0 1150 0
-1150 770 0 -1150 0
1149 -769 0 1149 0
-1149 769 0 -1149 0
1148 -768 0 1148 0
-1148 768 0 -1148 0
1146 -766 0 1146 0
-1146 766 0 -1146 0
1145 -765 0 1145 0
-1145 765 0 -1145 0
1144 -764 0 1144 0
-1144 764 0 -1144 0
1143 -763 0 1143 0
-1143 763 0 -1143 0
1142 -762 0 1142 0
-1142 762 0 -1142 0
1141 -761 0 1141 0
-1141 761 0 -1141 0
1140 -790 0 1140 0
-1140 790 0 -1140 0
1138 -788 0 1138 0
-1138 788 0 -1138 0
1137 -787 0 1137 0
-1137 787 0 -1137 0
1136 -786 0 1136 0
-1136 786 0 -1136 0
1135 -785 0 1135 0
-1135 785 0 -1135 0
1134 -784 0 1134 0
-1134 784 0 -1134 0
1133 -783 0 1133 0
-1133 783 0 -1133 0
1132 -782 0 1132 0
-1132 782 0 -1132 0
1131 -781 0 1131 0
-1131 781 0 -1131 0
1129 -799 0 1129 0
-1129 799 0 -1129 0
1128 -798 0 1128 0
-1128 798 0 -1128 0
1127 -797 0 1127 0
-1127 797 0 -1127 0
1126 -796 0 1126 0
-1126 796 0 -1126 0
1125 -795 0 1125 0
-1125 795 0 -1125 0
1124 -794 0 1124 0
-1124 794 0 -1124 0
1123 -793 0 1123 0
-1123 793 0 -1123 0
1122 -792 0 1122 0
-1122 792 0 -1122 0
1121 -791 0 1121 0
-1121 791 0 -1121 0
1119 -729 0 1119 0
-1119 729 0 -1119 0
1118 -728 0 1118 0
-1118 728 0 -1118 0
1117 -727 0 1117 0
-1117 727 0 -1117 0
1116 -726 0 1116 0
-1116 726 0 -1116 0
1115 -725 0 1115 0
-1115 725 0 -1115 0
1114 -724 0 1114 0
-1114 724 0 -1114 0
1112 -722 0 1112 0
-1112 722 0 -1112 0
1111 -721 0 1111 0
-1111 721 0 -1111 0
1110 -760 0 1110 0
-1110 760 0 -1110 0
1109 -759 0 1109 0
-1109 759 0 -1109 0
1108 -758 0 1108 0
-1108 758 0 -1108 0
1107 -757 0 1107 0
-1107 757 0 -1107 0
1105 -755 0 1105 0
-1105 755 0 -1105 0
1104 -754 0 1104 0
-1104 754 0 -1104 0
1103 -753 0 1103 0
-1103 753 0 -1103 0
1102 -752 0 1102 0
-1102 752 0 -1102 0
1101 -751 0 1101 0
-1101 751 0 -1101 0
1100 -450 0 1100 0
-1100 450 0 -1100 0
1099 -449 0 1099 0
-1099 449 0 -1099 0
1098 -448 0 1098 0
-1098 448 0 -1098 0
1097 -447 0 1097 0
-1097 447 0 -1097 0
1096 -446 0 1096 0
-1096 446 0 -1096 0
1094 -444 0 1094 0
-1094 444 0 -1094 0
1093 -443 0 1093 0
-1093 443 0 -1093 0
1092 -442 0 1092 0
-1092 442 0 -1092 0
1090 -480 0 1090 0
-1090 480 0 -1090 0
1089 -479 0 1089 0
-1089 479 0 -1089 0
1087 -477 0 1087 0
-1087 477 0 -1087 0
1086 -476 0 1086 0
-1086 476 0 -1086 0
1085 -475 0 1085 0
-1085 475 0 -1085 0
1084 -474 0 1084 0
-1084 474 0 -1084 0
1083 -473 0 1083 0
-1083 473 0 -1083 0
1082 -472 0 1082 0
-1082 472 0 -1082 0
1081 -471 0 1081 0
-1081 471 0 -1081 0
1080 -410 0 1080 0
-1080 410 0 -1080 0
1079 -409 0 1079 0
-1079 409 0 -1079 0
1078 -408 0 1078 0
-1078 408 0 -1078 0
1077 -407 0 1077 0
-1077 407 0 -1077 0
1076 -406 0 1076 0
-1076 406 0 -1076 0
1075 -405 0 1075 0
-1075 405 0 -1075 0
1074 -404 0 1074 0
-1074 404 0 -1074 0
1073 -403 0 1073 0
-1073 403 0 -1073 0
1072 -402 0 1072 0
-1072 402 0 -1072 0
1070 -420 0 1070 0
-1070 420 0 -1070 0
1069 -419 0 1069 0
-1069 419 0 -1069 0
1068 -418 0 1068 0
-1068 418 0 -1068 0
1067 -417 0 1067 0
-1067 417 0 -1067 0
1066 -416 0 1066 0
-1066 416 0 -1066 0
1065 -415 0 1065 0
-1065 415 0 -1065 0
1064 -414 0 1064 0
-1064 414 0 -1064 0
1063 -413 0 1063 0
-1063 413 0 -1063 0
1061 -411 0 1061 0
-1061 411 0 -1061 0
1060 -440 0 1060 0
-1060 440 0 -1060 0
1059 -439 0 1059 0
-1059 439 0 -1059 0
1058 -438 0 1058 0
-1058 438 0 -1058 0
1057 -437 0 1057 0
-1057 437 0 -1057 0
1056 -436 0 1056 0
-1056 436 0 -1056 0
1055 -435 0 1055 0
-1055 435 0 -1055 0
1053 -433 0 1053 0
-1053 433 0 -1053 0
1052 -432 0 1052 0
-1052 432 0 -1052 0
1051 -431 0 1051 0
-1051 431 0 -1051 0
1050 -470 0 1050 0
-1050 470 0 -1050 0
1049 -469 0 1049 0
-1049 469 0 -1049 0
1048 -468 0 1048 0
-1048 468 0 -1048 0
1046 -466 0 1046 0
-1046 466 0 -1046 0
1045 -465 0 1045 0
-1045 465 0 -1045 0
1044 -464 0 1044 0
-1044 464 0 -1044 0
1043 -463 0 1043 0
-1043 463 0 -1043 0
1042 -462 0 1042 0
-1042 462 0 -1042 0
1041 -461 0 1041 0
-1041 461 0 -1041 0
1040 -490 0 1040 0
-1040 490 0 -1040 0
1038 -488 0 1038 0
-1038 488 0 -1038 0
1037 -487 0 1037 0
-1037 487 0 -1037 0
1036 -486 0 1036 0
-1036 486 0 -1036 0
1035 -485 0 1035 0
-1035 485 0 -1035 0
1034 -484 0 1034 0
-1034 484 0 -1034 0
1033 -483 0 1033 0
-1033 483 0 -1033 0
1032 -482 0 1032 0
-1032 482 0 -1032 0
1031 -481 0 1031 0
-1031 481 0 -1031 0
1029 -499 0 1029 0
-1029 499 0 -1029 0
1028 -498 0 1028 0
-1028 498 0 -1028 0
1027 -497 0 1027 0
-1027 497 0 -1027 0
1026 -496 0 1026 0
-1026 496 0 -1026 0
1025 -495 0 1025 0
-1025 495 0 -1025 0
1024 -494 0 1024 0
-1024 494 0 -1024 0
1023 -493 0 1023 0
-1023 493 0 -1023 0
1022 -492 0 1022 0
-1022 492 0 -1022 0
1021 -491 0 1021 0
-1021 491 0 -1021 0
1020 -430 0 1020 0
-1020 430 0 -1020 0
1019 -429 0 1019 0
-1019 429 0 -1019 0
1018 -428 0 1018 0
-1018 428 0 -1018 0
1017 -427 0 1017 0
-1017 427 0 -1017 0
1016 -426 0 1016 0
-1016 426 0 -1016 0
1015 -425 0 1015 0
-1015 425 0 -1015 0
1014 -424 0 1014 0
-1014 424 0 -1014 0
1012 -422 0 1012 0
-1012 422 0 -1012 0
1011 -421 0 1011 0
-1011 421 0 -1011 0
1009 -459 0 1009 0
-1009 459 0 -1009 0
1008 -458 0 1008 0
-1008 458 0 -1008 0
1007 -457 0 1007 0
-1007 457 0 -1007 0
1005 -455 0 1005 0
-1005 455 0 -1005 0
1004 -454 0 1004 0
-1004 454 0 -1004 0
1003 -453 0 1003 0
-1003 453 0 -1003 0
1002 -452 0 1002 0
-1002 452 0 -1002 0
1001 -451 0 1001 0
-1001 451 0 -1001 0
