1 0 1 0
-2 0 -2 0
-3 0 -3 0
-4 0 -4 0
-5 0 -5 0
-6 0 -6 0
-7 0 -7 0
-8 0 -8 0
-9 0 -9 0
-10 0 -10 0
-11 0 -11 0
12 0 12 0
-13 0 -13 0
-14 0 -14 0
-15 0 -15 0
-16 0 -16 0
-17 0 -17 0
-18 0 -18 0
-19 0 -19 0
-20 0 -20 0
-21 0 -21 0
-22 0 -22 0
23 0 23 0
-24 0 -24 0
-25 0 -25 0
-26 0 -26 0
-27 0 -27 0
-28 0 -28 0
-29 0 -29 0
-30 0 -30 0
-31 0 -31 0
-32 0 -32 0
-33 0 -33 0
34 0 34 0
-35 0 -35 0
-36 0 -36 0
-37 0 -37 0
-38 0 -38 0
-39 0 -39 0
-40 0 -40 0
-41 0 -41 0
-42 0 -42 0
-43 0 -43 0
-44 0 -44 0
45 0 45 0
-46 0 -46 0
-47 0 -47 0
-48 0 -48 0
-49 0 -49 0
-50 0 -50 0
-51 0 -51 0
-52 0 -52 0
-53 0 -53 0
-54 0 -54 0
-55 0 -55 0
56 0 56 0
-57 0 -57 0
-58 0 -58 0
-59 0 -59 0
-60 0 -60 0
-61 0 -61 0
-62 0 -62 0
-63 0 -63 0
-64 0 -64 0
-65 0 -65 0
-66 0 -66 0
67 0 67 0
-68 0 -68 0
-69 0 -69 0
-70 0 -70 0
-71 0 -71 0
-72 0 -72 0
-73 0 -73 0
-74 0 -74 0
-75 0 -75 0
-76 0 -76 0
-77 0 -77 0
78 0 78 0
-79 0 -79 0
-80 0 -80 0
-81 0 -81 0
-82 0 -82 0
-83 0 -83 0
-84 0 -84 0
-85 0 -85 0
-86 0 -86 0
-87 0 -87 0
-88 0 -88 0
89 0 89 0
-90 0 -90 0
-91 0 -91 0
-92 0 -92 0
-93 0 -93 0
-94 0 -94 0
-95 0 -95 0
-96 0 -96 0
-97 0 -97 0
-98 0 -98 0
-99 0 -99 0
100 0 100 0
-101 0 -101 0
-111 0 -111 0
-112 0 -112 0
-123 0 -123 0
-134 0 -134 0
-145 0 -145 0
-156 0 -156 0
-167 0 -167 0
-178 0 -178 0
-189 0 -189 0
-190 0 -190 0
-200 0 -200 0
-201 0 -201 0
-212 0 -212 0
-221 0 -221 0
-223 0 -223 0
-234 0 -234 0
-245 0 -245 0
-256 0 -256 0
-267 0 -267 0
-278 0 -278 0
-280 0 -280 0
-289 0 -289 0
-300 0 -300 0
-301 0 -301 0
-312 0 -312 0
-323 0 -323 0
-331 0 -331 0
-334 0 -334 0
-345 0 -345 0
-356 0 -356 0
-367 0 -367 0
-370 0 -370 0
-378 0 -378 0
-389 0 -389 0
-400 0 -400 0
-401 0 -401 0
-412 0 -412 0
-423 0 -423 0
-434 0 -434 0
-441 0 -441 0
-445 0 -445 0
-456 0 -456 0
-460 0 -460 0
-467 0 -467 0
-478 0 -478 0
-489 0 -489 0
-500 0 -500 0
-501 0 -501 0
-512 0 -512 0
-523 0 -523 0
-534 0 -534 0
-545 0 -545 0
-550 0 -550 0
-551 0 -551 0
-556 0 -556 0
-567 0 -567 0
-578 0 -578 0
-589 0 -589 0
-600 0 -600 0
-601 0 -601 0
-612 0 -612 0
-623 0 -623 0
-634 0 -634 0
-640 0 -640 0
-645 0 -645 0
-656 0 -656 0
-661 0 -661 0
-667 0 -667 0
-678 0 -678 0
-689 0 -689 0
-700 0 -700 0
-701 0 -701 0
-712 0 -712 0
-723 0 -723 0
-730 0 -730 0
-734 0 -734 0
-745 0 -745 0
-756 0 -756 0
-767 0 -767 0
-771 0 -771 0
-778 0 -778 0
-789 0 -789 0
-800 0 -800 0
-801 0 -801 0
-812 0 -812 0
-820 0 -820 0
-823 0 -823 0
-834 0 -834 0
-845 0 -845 0
-856 0 -856 0
-867 0 -867 0
-878 0 -878 0
-881 0 -881 0
-889 0 -889 0
-900 0 -900 0
-901 0 -901 0
-910 0 -910 0
-912 0 -912 0
-923 0 -923 0
-934 0 -934 0
-945 0 -945 0
-956 0 -956 0
-967 0 -967 0
-978 0 -978 0
-989 0 -989 0
-991 0 -991 0
-1000 0 -1000 0
-1001 0 -1001 0
-1002 0 -1002 0
-1003 0 -1003 0
-1004 0 -1004 0
-1005 0 -1005 0
-1006 0 -1006 0
-1007 0 -1007 0
-1008 0 -1008 0
-1009 0 -1009 0
1010 0 1010 0
-1020 0 -1020 0
-1030 0 -1030 0
-1040 0 -1040 0
-1050 0 -1050 0
-1060 0 -1060 0
-1070 0 -1070 0
-1080 0 -1080 0
-1090 0 -1090 0
-1091 0 -1091 0
-1100 0 -1100 0
-1101 0 -1101 0
-1102 0 -1102 0
-1103 0 -1103 0
1104 0 1104 0
-1105 0 -1105 0
-1106 0 -1106 0
-1107 0 -1107 0
-1108 0 -1108 0
-1109 0 -1109 0
-1110 0 -1110 0
-1114 0 -1114 0
-1120 0 -1120 0
-1124 0 -1124 0
-1134 0 -1134 0
-1144 0 -1144 0
-1154 0 -1154 0
-1164 0 -1164 0
-1174 0 -1174 0
-1181 0 -1181 0
-1184 0 -1184 0
-1194 0 -1194 0
-1201 0 -1201 0
-1202 0 -1202 0
-1203 0 -1203 0
-1204 0 -1204 0
-1205 0 -1205 0
-1206 0 -1206 0
-1207 0 -1207 0
-1208 0 -1208 0
1209 0 1209 0
-1210 0 -1210 0
-1219 0 -1219 0
-1229 0 -1229 0
-1230 0 -1230 0
-1239 0 -1239 0
-1249 0 -1249 0
-1259 0 -1259 0
-1269 0 -1269 0
-1271 0 -1271 0
-1279 0 -1279 0
-1289 0 -1289 0
-1299 0 -1299 0
-1301 0 -1301 0
-1302 0 -1302 0
-1303 0 -1303 0
-1304 0 -1304 0
1305 0 1305 0
-1306 0 -1306 0
-1307 0 -1307 0
-1308 0 -1308 0
-1309 0 -1309 0
-1310 0 -1310 0
-1315 0 -1315 0
-1325 0 -1325 0
-1335 0 -1335 0
-1340 0 -1340 0
-1345 0 -1345 0
-1355 0 -1355 0
-1361 0 -1361 0
-1365 0 -1365 0
-1375 0 -1375 0
-1385 0 -1385 0
-1395 0 -1395 0
-1401 0 -1401 0
-1402 0 -1402 0
-1403 0 -1403 0
-1404 0 -1404 0
-1405 0 -1405 0
-1406 0 -1406 0
-1407 0 -1407 0
1408 0 1408 0
-1409 0 -1409 0
-1410 0 -1410 0
-1418 0 -1418 0
-1428 0 -1428 0
-1438 0 -1438 0
-1448 0 -1448 0
-1450 0 -1450 0
-1451 0 -1451 0
-1458 0 -1458 0
-1468 0 -1468 0
-1478 0 -1478 0
-1488 0 -1488 0
-1498 0 -1498 0
-1501 0 -1501 0
-1502 0 -1502 0
1503 0 1503 0
-1504 0 -1504 0
-1505 0 -1505 0
-1506 0 -1506 0
-1507 0 -1507 0
-1508 0 -1508 0
-1509 0 -1509 0
-1510 0 -1510 0
-1513 0 -1513 0
-1523 0 -1523 0
-1533 0 -1533 0
-1541 0 -1541 0
-1543 0 -1543 0
-1553 0 -1553 0
-1560 0 -1560 0
-1563 0 -1563 0
-1573 0 -1573 0
-1583 0 -1583 0
-1593 0 -1593 0
-1601 0 -1601 0
-1602 0 -1602 0
-1603 0 -1603 0
-1604 0 -1604 0
-1605 0 -1605 0
1606 0 1606 0
-1607 0 -1607 0
-1608 0 -1608 0
-1609 0 -1609 0
-1610 0 -1610 0
-1616 0 -1616 0
-1626 0 -1626 0
-1631 0 -1631 0
-1636 0 -1636 0
-1646 0 -1646 0
-1656 0 -1656 0
-1666 0 -1666 0
-1670 0 -1670 0
-1676 0 -1676 0
-1686 0 -1686 0
-1696 0 -1696 0
-1701 0 -1701 0
1702 0 1702 0
-1703 0 -1703 0
-1704 0 -1704 0
-1705 0 -1705 0
-1706 0 -1706 0
-1707 0 -1707 0
-1708 0 -1708 0
-1709 0 -1709 0
-1710 0 -1710 0
-1712 0 -1712 0
-1721 0 -1721 0
-1722 0 -1722 0
-1732 0 -1732 0
-1742 0 -1742 0
-1752 0 -1752 0
-1762 0 -1762 0
-1772 0 -1772 0
-1780 0 -1780 0
-1782 0 -1782 0
-1792 0 -1792 0
-1801 0 -1801 0
-1802 0 -1802 0
-1803 0 -1803 0
-1804 0 -1804 0
-1805 0 -1805 0
-1806 0 -1806 0
1807 0 1807 0
-1808 0 -1808 0
-1809 0 -1809 0
-1810 0 -1810 0
-1811 0 -1811 0
-1817 0 -1817 0
-1827 0 -1827 0
-1837 0 -1837 0
-1847 0 -1847 0
-1857 0 -1857 0
-1867 0 -1867 0
-1877 0 -1877 0
-1887 0 -1887 0
-1890 0 -1890 0
-1897 0 -1897 0
1901 0 1901 0
-1902 0 -1902 0
-1903 0 -1903 0
-1904 0 -1904 0
-1905 0 -1905 0
-1906 0 -1906 0
-1907 0 -1907 0
-1908 0 -1908 0
-1909 0 -1909 0
-1910 0 -1910 0
-1911 0 -1911 0
-1921 0 -1921 0
-1931 0 -1931 0
-1941 0 -1941 0
-1951 0 -1951 0
-1961 0 -1961 0
-1971 0 -1971 0
-1981 0 -1981 0
-1991 0 -1991 0
-2000 0 -2000 0
1999 -909 0 1999 0
-1999 909 0 -1999 0
1998 -908 0 1998 0
-1998 908 0 -1998 0
1997 -907 0 1997 0
-1997 907 0 -1997 0
1996 -906 0 1996 0
-1996 906 0 -1996 0
1995 -905 0 1995 0
-1995 905 0 -1995 0
1994 -904 0 1994 0
-1994 904 0 -1994 0
1993 -903 0 1993 0
-1993 903 0 -1993 0
1992 -902 0 1992 0
-1992 902 0 -1992 0
1990 -310 0 1990 0
-1990 310 0 -1990 0
1989 -309 0 1989 0
-1989 309 0 -1989 0
1988 -308 0 1988 0
-1988 308 0 -1988 0
1987 -307 0 1987 0
-1987 307 0 -1987 0
1986 -306 0 1986 0
-1986 306 0 -1986 0
1985 -305 0 1985 0
-1985 305 0 -1985 0
1984 -304 0 1984 0
-1984 304 0 -1984 0
1983 -303 0 1983 0
-1983 303 0 -1983 0
1982 -302 0 1982 0
-1982 302 0 -1982 0
1980 -810 0 1980 0
-1980 810 0 -1980 0
1979 -809 0 1979 0
-1979 809 0 -1979 0
1978 -808 0 1978 0
-1978 808 0 -1978 0
1977 -807 0 1977 0
-1977 807 0 -1977 0
1976 -806 0 1976 0
-1976 806 0 -1976 0
1975 -805 0 1975 0
-1975 805 0 -1975 0
1974 -804 0 1974 0
-1974 804 0 -1974 0
1973 -803 0 1973 0
-1973 803 0 -1973 0
1972 -802 0 1972 0
-1972 802 0 -1972 0
1970 -410 0 1970 0
-1970 410 0 -1970 0
1969 -409 0 1969 0
-1969 409 0 -1969 0
1968 -408 0 1968 0
-1968 408 0 -1968 0
1967 -407 0 1967 0
-1967 407 0 -1967 0
1966 -406 0 1966 0
-1966 406 0 -1966 0
1965 -405 0 1965 0
-1965 405 0 -1965 0
1964 -404 0 1964 0
-1964 404 0 -1964 0
1963 -403 0 1963 0
-1963 403 0 -1963 0
1962 -402 0 1962 0
-1962 402 0 -1962 0
1960 -710 0 1960 0
-1960 710 0 -1960 0
1959 -709 0 1959 0
-1959 709 0 -1959 0
1958 -708 0 1958 0
-1958 708 0 -1958 0
1957 -707 0 1957 0
-1957 707 0 -1957 0
1956 -706 0 1956 0
-1956 706 0 -1956 0
1955 -705 0 1955 0
-1955 705 0 -1955 0
1954 -704 0 1954 0
-1954 704 0 -1954 0
1953 -703 0 1953 0
-1953 703 0 -1953 0
1952 -702 0 1952 0
-1952 702 0 -1952 0
1950 -210 0 1950 0
-1950 210 0 -1950 0
1949 -209 0 1949 0
-1949 209 0 -1949 0
1948 -208 0 1948 0
-1948 208 0 -1948 0
1947 -207 0 1947 0
-1947 207 0 -1947 0
1946 -206 0 1946 0
-1946 206 0 -1946 0
1945 -205 0 1945 0
-1945 205 0 -1945 0
1944 -204 0 1944 0
-1944 204 0 -1944 0
1943 -203 0 1943 0
-1943 203 0 -1943 0
1942 -202 0 1942 0
-1942 202 0 -1942 0
1940 -510 0 1940 0
-1940 510 0 -1940 0
1939 -509 0 1939 0
-1939 509 0 -1939 0
1938 -508 0 1938 0
-1938 508 0 -1938 0
1937 -507 0 1937 0
-1937 507 0 -1937 0
1936 -506 0 1936 0
-1936 506 0 -1936 0
1935 -505 0 1935 0
-1935 505 0 -1935 0
1934 -504 0 1934 0
-1934 504 0 -1934 0
1933 -503 0 1933 0
-1933 503 0 -1933 0
1932 -502 0 1932 0
-1932 502 0 -1932 0
1930 -110 0 1930 0
-1930 110 0 -1930 0
1929 -109 0 1929 0
-1929 109 0 -1929 0
1928 -108 0 1928 0
-1928 108 0 -1928 0
1927 -107 0 1927 0
-1927 107 0 -1927 0
1926 -106 0 1926 0
-1926 106 0 -1926 0
1925 -105 0 1925 0
-1925 105 0 -1925 0
1924 -104 0 1924 0
-1924 104 0 -1924 0
1923 -103 0 1923 0
-1923 103 0 -1923 0
1922 -102 0 1922 0
-1922 102 0 -1922 0
1920 -610 0 1920 0
-1920 610 0 -1920 0
1919 -609 0 1919 0
-1919 609 0 -1919 0
1918 -608 0 1918 0
-1918 608 0 -1918 0
1917 -607 0 1917 0
-1917 607 0 -1917 0
1916 -606 0 1916 0
-1916 606 0 -1916 0
1915 -605 0 1915 0
-1915 605 0 -1915 0
1914 -604 0 1914 0
-1914 604 0 -1914 0
1913 -603 0 1913 0
-1913 603 0 -1913 0
1912 -602 0 1912 0
-1912 602 0 -1912 0
1900 -970 0 1900 0
-1900 970 0 -1900 0
1899 -969 0 1899 0
-1899 969 0 -1899 0
1898 -968 0 1898 0
-1898 968 0 -1898 0
1896 -966 0 1896 0
-1896 966 0 -1896 0
1895 -965 0 1895 0
-1895 965 0 -1895 0
1894 -964 0 1894 0
-1894 964 0 -1894 0
1893 -963 0 1893 0
-1893 963 0 -1893 0
1892 -962 0 1892 0
-1892 962 0 -1892 0
1891 -961 0 1891 0
-1891 961 0 -1891 0
1889 -369 0 1889 0
-1889 369 0 -1889 0
1888 -368 0 1888 0
-1888 368 0 -1888 0
1886 -366 0 1886 0
-1886 366 0 -1886 0
1885 -365 0 1885 0
-1885 365 0 -1885 0
1884 -364 0 1884 0
-1884 364 0 -1884 0
1883 -363 0 1883 0
-1883 363 0 -1883 0
1882 -362 0 1882 0
-1882 362 0 -1882 0
1881 -361 0 1881 0
-1881 361 0 -1881 0
1880 -870 0 1880 0
-1880 870 0 -1880 0
1879 -869 0 1879 0
-1879 869 0 -1879 0
1878 -868 0 1878 0
-1878 868 0 -1878 0
1876 -866 0 1876 0
-1876 866 0 -1876 0
1875 -865 0 1875 0
-1875 865 0 -1875 0
1874 -864 0 1874 0
-1874 864 0 -1874 0
1873 -863 0 1873 0
-1873 863 0 -1873 0
1872 -862 0 1872 0
-1872 862 0 -1872 0
1871 -861 0 1871 0
-1871 861 0 -1871 0
1870 -470 0 1870 0
-1870 470 0 -1870 0
1869 -469 0 1869 0
-1869 469 0 -1869 0
1868 -468 0 1868 0
-1868 468 0 -1868 0
1866 -466 0 1866 0
-1866 466 0 -1866 0
1865 -465 0 1865 0
-1865 465 0 -1865 0
1864 -464 0 1864 0
-1864 464 0 -1864 0
1863 -463 0 1863 0
-1863 463 0 -1863 0
1862 -462 0 1862 0
-1862 462 0 -1862 0
1861 -461 0 1861 0
-1861 461 0 -1861 0
1860 -770 0 1860 0
-1860 770 0 -1860 0
1859 -769 0 1859 0
-1859 769 0 -1859 0
1858 -768 0 1858 0
-1858 768 0 -1858 0
1856 -766 0 1856 0
-1856 766 0 -1856 0
1855 -765 0 1855 0
-1855 765 0 -1855 0
1854 -764 0 1854 0
-1854 764 0 -1854 0
1853 -763 0 1853 0
-1853 763 0 -1853 0
1852 -762 0 1852 0
-1852 762 0 -1852 0
1851 -761 0 1851 0
-1851 761 0 -1851 0
1850 -270 0 1850 0
-1850 270 0 -1850 0
1849 -269 0 1849 0
-1849 269 0 -1849 0
1848 -268 0 1848 0
-1848 268 0 -1848 0
1846 -266 0 1846 0
-1846 266 0 -1846 0
1845 -265 0 1845 0
-1845 265 0 -1845 0
1844 -264 0 1844 0
-1844 264 0 -1844 0
1843 -263 0 1843 0
-1843 263 0 -1843 0
1842 -262 0 1842 0
-1842 262 0 -1842 0
1841 -261 0 1841 0
-1841 261 0 -1841 0
1840 -570 0 1840 0
-1840 570 0 -1840 0
1839 -569 0 1839 0
-1839 569 0 -1839 0
1838 -568 0 1838 0
-1838 568 0 -1838 0
1836 -566 0 1836 0
-1836 566 0 -1836 0
1835 -565 0 1835 0
-1835 565 0 -1835 0
1834 -564 0 1834 0
-1834 564 0 -1834 0
1833 -563 0 1833 0
-1833 563 0 -1833 0
1832 -562 0 1832 0
-1832 562 0 -1832 0
1831 -561 0 1831 0
-1831 561 0 -1831 0
1830 -170 0 1830 0
-1830 170 0 -1830 0
1829 -169 0 1829 0
-1829 169 0 -1829 0
1828 -168 0 1828 0
-1828 168 0 -1828 0
1826 -166 0 1826 0
-1826 166 0 -1826 0
1825 -165 0 1825 0
-1825 165 0 -1825 0
1824 -164 0 1824 0
-1824 164 0 -1824 0
1823 -163 0 1823 0
-1823 163 0 -1823 0
1822 -162 0 1822 0
-1822 162 0 -1822 0
1821 -161 0 1821 0
-1821 161 0 -1821 0
1820 -670 0 1820 0
-1820 670 0 -1820 0
1819 -669 0 1819 0
-1819 669 0 -1819 0
1818 -668 0 1818 0
-1818 668 0 -1818 0
1816 -666 0 1816 0
-1816 666 0 -1816 0
1815 -665 0 1815 0
-1815 665 0 -1815 0
1814 -664 0 1814 0
-1814 664 0 -1814 0
1813 -663 0 1813 0
-1813 663 0 -1813 0
1812 -662 0 1812 0
-1812 662 0 -1812 0
1800 -920 0 1800 0
-1800 920 0 -1800 0
1799 -919 0 1799 0
-1799 919 0 -1799 0
1798 -918 0 1798 0
-1798 918 0 -1798 0
1797 -917 0 1797 0
-1797 917 0 -1797 0
1796 -916 0 1796 0
-1796 916 0 -1796 0
1795 -915 0 1795 0
-1795 915 0 -1795 0
1794 -914 0 1794 0
-1794 914 0 -1794 0
1793 -913 0 1793 0
-1793 913 0 -1793 0
1791 -911 0 1791 0
-1791 911 0 -1791 0
1790 -320 0 1790 0
-1790 320 0 -1790 0
1789 -319 0 1789 0
-1789 319 0 -1789 0
1788 -318 0 1788 0
-1788 318 0 -1788 0
1787 -317 0 1787 0
-1787 317 0 -1787 0
1786 -316 0 1786 0
-1786 316 0 -1786 0
1785 -315 0 1785 0
-1785 315 0 -1785 0
1784 -314 0 1784 0
-1784 314 0 -1784 0
1783 -313 0 1783 0
-1783 313 0 -1783 0
1781 -311 0 1781 0
-1781 311 0 -1781 0
1779 -819 0 1779 0
-1779 819 0 -1779 0
1778 -818 0 1778 0
-1778 818 0 -1778 0
1777 -817 0 1777 0
-1777 817 0 -1777 0
1776 -816 0 1776 0
-1776 816 0 -1776 0
1775 -815 0 1775 0
-1775 815 0 -1775 0
1774 -814 0 1774 0
-1774 814 0 -1774 0
1773 -813 0 1773 0
-1773 813 0 -1773 0
1771 -811 0 1771 0
-1771 811 0 -1771 0
1770 -420 0 1770 0
-1770 420 0 -1770 0
1769 -419 0 1769 0
-1769 419 0 -1769 0
1768 -418 0 1768 0
-1768 418 0 -1768 0
1767 -417 0 1767 0
-1767 417 0 -1767 0
1766 -416 0 1766 0
-1766 416 0 -1766 0
1765 -415 0 1765 0
-1765 415 0 -1765 0
1764 -414 0 1764 0
-1764 414 0 -1764 0
1763 -413 0 1763 0
-1763 413 0 -1763 0
1761 -411 0 1761 0
-1761 411 0 -1761 0
1760 -720 0 1760 0
-1760 720 0 -1760 0
1759 -719 0 1759 0
-1759 719 0 -1759 0
1758 -718 0 1758 0
-1758 718 0 -1758 0
1757 -717 0 1757 0
-1757 717 0 -1757 0
1756 -716 0 1756 0
-1756 716 0 -1756 0
1755 -715 0 1755 0
-1755 715 0 -1755 0
1754 -714 0 1754 0
-1754 714 0 -1754 0
1753 -713 0 1753 0
-1753 713 0 -1753 0
1751 -711 0 1751 0
-1751 711 0 -1751 0
1750 -220 0 1750 0
-1750 220 0 -1750 0
1749 -219 0 1749 0
-1749 219 0 -1749 0
1748 -218 0 1748 0
-1748 218 0 -1748 0
1747 -217 0 1747 0
-1747 217 0 -1747 0
1746 -216 0 1746 0
-1746 216 0 -1746 0
1745 -215 0 1745 0
-1745 215 0 -1745 0
1744 -214 0 1744 0
-1744 214 0 -1744 0
1743 -213 0 1743 0
-1743 213 0 -1743 0
1741 -211 0 1741 0
-1741 211 0 -1741 0
1740 -520 0 1740 0
-1740 520 0 -1740 0
1739 -519 0 1739 0
-1739 519 0 -1739 0
1738 -518 0 1738 0
-1738 518 0 -1738 0
1737 -517 0 1737 0
-1737 517 0 -1737 0
1736 -516 0 1736 0
-1736 516 0 -1736 0
1735 -515 0 1735 0
-1735 515 0 -1735 0
1734 -514 0 1734 0
-1734 514 0 -1734 0
1733 -513 0 1733 0
-1733 513 0 -1733 0
1731 -511 0 1731 0
-1731 511 0 -1731 0
1730 -120 0 1730 0
-1730 120 0 -1730 0
1729 -119 0 1729 0
-1729 119 0 -1729 0
1728 -118 0 1728 0
-1728 118 0 -1728 0
1727 -117 0 1727 0
-1727 117 0 -1727 0
1726 -116 0 1726 0
-1726 116 0 -1726 0
1725 -115 0 1725 0
-1725 115 0 -1725 0
1724 -114 0 1724 0
-1724 114 0 -1724 0
1723 -113 0 1723 0
-1723 113 0 -1723 0
1720 -620 0 1720 0
-1720 620 0 -1720 0
1719 -619 0 1719 0
-1719 619 0 -1719 0
1718 -618 0 1718 0
-1718 618 0 -1718 0
1717 -617 0 1717 0
-1717 617 0 -1717 0
1716 -616 0 1716 0
-1716 616 0 -1716 0
1715 -615 0 1715 0
-1715 615 0 -1715 0
1714 -614 0 1714 0
-1714 614 0 -1714 0
1713 -613 0 1713 0
-1713 613 0 -1713 0
1711 -611 0 1711 0
-1711 611 0 -1711 0
1700 -960 0 1700 0
-1700 960 0 -1700 0
1699 -959 0 1699 0
-1699 959 0 -1699 0
1698 -958 0 1698 0
-1698 958 0 -1698 0
1697 -957 0 1697 0
-1697 957 0 -1697 0
1695 -955 0 1695 0
-1695 955 0 -1695 0
1694 -954 0 1694 0
-1694 954 0 -1694 0
1693 -953 0 1693 0
-1693 953 0 -1693 0
1692 -952 0 1692 0
-1692 952 0 -1692 0
1691 -951 0 1691 0
-1691 951 0 -1691 0
1690 -360 0 1690 0
-1690 360 0 -1690 0
1689 -359 0 1689 0
-1689 359 0 -1689 0
1688 -358 0 1688 0
-1688 358 0 -1688 0
1687 -357 0 1687 0
-1687 357 0 -1687 0
1685 -355 0 1685 0
-1685 355 0 -1685 0
1684 -354 0 1684 0
-1684 354 0 -1684 0
1683 -353 0 1683 0
-1683 353 0 -1683 0
1682 -352 0 1682 0
-1682 352 0 -1682 0
1681 -351 0 1681 0
-1681 351 0 -1681 0
1680 -860 0 1680 0
-1680 860 0 -1680 0
1679 -859 0 1679 0
-1679 859 0 -1679 0
1678 -858 0 1678 0
-1678 858 0 -1678 0
1677 -857 0 1677 0
-1677 857 0 -1677 0
1675 -855 0 1675 0
-1675 855 0 -1675 0
1674 -854 0 1674 0
-1674 854 0 -1674 0
1673 -853 0 1673 0
-1673 853 0 -1673 0
1672 -852 0 1672 0
-1672 852 0 -1672 0
1671 -851 0 1671 0
-1671 851 0 -1671 0
1669 -459 0 1669 0
-1669 459 0 -1669 0
1668 -458 0 1668 0
-1668 458 0 -1668 0
1667 -457 0 1667 0
-1667 457 0 -1667 0
1665 -455 0 1665 0
-1665 455 0 -1665 0
1664 -454 0 1664 0
-1664 454 0 -1664 0
1663 -453 0 1663 0
-1663 453 0 -1663 0
1662 -452 0 1662 0
-1662 452 0 -1662 0
1661 -451 0 1661 0
-1661 451 0 -1661 0
1660 -760 0 1660 0
-1660 760 0 -1660 0
1659 -759 0 1659 0
-1659 759 0 -1659 0
1658 -758 0 1658 0
-1658 758 0 -1658 0
1657 -757 0 1657 0
-1657 757 0 -1657 0
1655 -755 0 1655 0
-1655 755 0 -1655 0
1654 -754 0 1654 0
-1654 754 0 -1654 0
1653 -753 0 1653 0
-1653 753 0 -1653 0
1652 -752 0 1652 0
-1652 752 0 -1652 0
1651 -751 0 1651 0
-1651 751 0 -1651 0
1650 -260 0 1650 0
-1650 260 0 -1650 0
1649 -259 0 1649 0
-1649 259 0 -1649 0
1648 -258 0 1648 0
-1648 258 0 -1648 0
1647 -257 0 1647 0
-1647 257 0 -1647 0
1645 -255 0 1645 0
-1645 255 0 -1645 0
1644 -254 0 1644 0
-1644 254 0 -1644 0
1643 -253 0 1643 0
-1643 253 0 -1643 0
1642 -252 0 1642 0
-1642 252 0 -1642 0
1641 -251 0 1641 0
-1641 251 0 -1641 0
1640 -560 0 1640 0
-1640 560 0 -1640 0
1639 -559 0 1639 0
-1639 559 0 -1639 0
1638 -558 0 1638 0
-1638 558 0 -1638 0
1637 -557 0 1637 0
-1637 557 0 -1637 0
1635 -555 0 1635 0
-1635 555 0 -1635 0
1634 -554 0 1634 0
-1634 554 0 -1634 0
1633 -553 0 1633 0
-1633 553 0 -1633 0
1632 -552 0 1632 0
-1632 552 0 -1632 0
1630 -160 0 1630 0
-1630 160 0 -1630 0
1629 -159 0 1629 0
-1629 159 0 -1629 0
1628 -158 0 1628 0
-1628 158 0 -1628 0
1627 -157 0 1627 0
-1627 157 0 -1627 0
1625 -155 0 1625 0
-1625 155 0 -1625 0
1624 -154 0 1624 0
-1624 154 0 -1624 0
1623 -153 0 1623 0
-1623 153 0 -1623 0
1622 -152 0 1622 0
-1622 152 0 -1622 0
1621 -151 0 1621 0
-1621 151 0 -1621 0
1620 -660 0 1620 0
-1620 660 0 -1620 0
1619 -659 0 1619 0
-1619 659 0 -1619 0
1618 -658 0 1618 0
-1618 658 0 -1618 0
1617 -657 0 1617 0
-1617 657 0 -1617 0
1615 -655 0 1615 0
-1615 655 0 -1615 0
1614 -654 0 1614 0
-1614 654 0 -1614 0
1613 -653 0 1613 0
-1613 653 0 -1613 0
1612 -652 0 1612 0
-1612 652 0 -1612 0
1611 -651 0 1611 0
-1611 651 0 -1611 0
1600 -930 0 1600 0
-1600 930 0 -1600 0
1599 -929 0 1599 0
-1599 929 0 -1599 0
1598 -928 0 1598 0
-1598 928 0 -1598 0
1597 -927 0 1597 0
-1597 927 0 -1597 0
1596 -926 0 1596 0
-1596 926 0 -1596 0
1595 -925 0 1595 0
-1595 925 0 -1595 0
1594 -924 0 1594 0
-1594 924 0 -1594 0
1592 -922 0 1592 0
-1592 922 0 -1592 0
1591 -921 0 1591 0
-1591 921 0 -1591 0
1590 -330 0 1590 0
-1590 330 0 -1590 0
1589 -329 0 1589 0
-1589 329 0 -1589 0
1588 -328 0 1588 0
-1588 328 0 -1588 0
1587 -327 0 1587 0
-1587 327 0 -1587 0
1586 -326 0 1586 0
-1586 326 0 -1586 0
1585 -325 0 1585 0
-1585 325 0 -1585 0
1584 -324 0 1584 0
-1584 324 0 -1584 0
1582 -322 0 1582 0
-1582 322 0 -1582 0
1581 -321 0 1581 0
-1581 321 0 -1581 0
1580 -830 0 1580 0
-1580 830 0 -1580 0
1579 -829 0 1579 0
-1579 829 0 -1579 0
1578 -828 0 1578 0
-1578 828 0 -1578 0
1577 -827 0 1577 0
-1577 827 0 -1577 0
1576 -826 0 1576 0
-1576 826 0 -1576 0
1575 -825 0 1575 0
-1575 825 0 -1575 0
1574 -824 0 1574 0
-1574 824 0 -1574 0
1572 -822 0 1572 0
-1572 822 0 -1572 0
1571 -821 0 1571 0
-1571 821 0 -1571 0
1570 -430 0 1570 0
-1570 430 0 -1570 0
1569 -429 0 1569 0
-1569 429 0 -1569 0
1568 -428 0 1568 0
-1568 428 0 -1568 0
1567 -427 0 1567 0
-1567 427 0 -1567 0
1566 -426 0 1566 0
-1566 426 0 -1566 0
1565 -425 0 1565 0
-1565 425 0 -1565 0
1564 -424 0 1564 0
-1564 424 0 -1564 0
1562 -422 0 1562 0
-1562 422 0 -1562 0
1561 -421 0 1561 0
-1561 421 0 -1561 0
1559 -729 0 1559 0
-1559 729 0 -1559 0
1558 -728 0 1558 0
-1558 728 0 -1558 0
1557 -727 0 1557 0
-1557 727 0 -1557 0
1556 -726 0 1556 0
-1556 726 0 -1556 0
1555 -725 0 1555 0
-1555 725 0 -1555 0
1554 -724 0 1554 0
-1554 724 0 -1554 0
1552 -722 0 1552 0
-1552 722 0 -1552 0
1551 -721 0 1551 0
-1551 721 0 -1551 0
1550 -230 0 1550 0
-1550 230 0 -1550 0
1549 -229 0 1549 0
-1549 229 0 -1549 0
1548 -228 0 1548 0
-1548 228 0 -1548 0
1547 -227 0 1547 0
-1547 227 0 -1547 0
1546 -226 0 1546 0
-1546 226 0 -1546 0
1545 -225 0 1545 0
-1545 225 0 -1545 0
1544 -224 0 1544 0
-1544 224 0 -1544 0
1542 -222 0 1542 0
-1542 222 0 -1542 0
1540 -530 0 1540 0
-1540 530 0 -1540 0
1539 -529 0 1539 0
-1539 529 0 -1539 0
1538 -528 0 1538 0
-1538 528 0 -1538 0
1537 -527 0 1537 0
-1537 527 0 -1537 0
1536 -526 0 1536 0
-1536 526 0 -1536 0
1535 -525 0 1535 0
-1535 525 0 -1535 0
1534 -524 0 1534 0
-1534 524 0 -1534 0
1532 -522 0 1532 0
-1532 522 0 -1532 0
1531 -521 0 1531 0
-1531 521 0 -1531 0
1530 -130 0 1530 0
-1530 130 0 -1530 0
1529 -129 0 1529 0
-1529 129 0 -1529 0
1528 -128 0 1528 0
-1528 128 0 -1528 0
1527 -127 0 1527 0
-1527 127 0 -1527 0
1526 -126 0 1526 0
-1526 126 0 -1526 0
1525 -125 0 1525 0
-1525 125 0 -1525 0
1524 -124 0 1524 0
-1524 124 0 -1524 0
1522 -122 0 1522 0
-1522 122 0 -1522 0
1521 -121 0 1521 0
-1521 121 0 -1521 0
1520 -630 0 1520 0
-1520 630 0 -1520 0
1519 -629 0 1519 0
-1519 629 0 -1519 0
1518 -628 0 1518 0
-1518 628 0 -1518 0
1517 -627 0 1517 0
-1517 627 0 -1517 0
1516 -626 0 1516 0
-1516 626 0 -1516 0
1515 -625 0 1515 0
-1515 625 0 -1515 0
1514 -624 0 1514 0
-1514 624 0 -1514 0
1512 -622 0 1512 0
-1512 622 0 -1512 0
1511 -621 0 1511 0
-1511 621 0 -1511 0
1500 -980 0 1500 0
-1500 980 0 -1500 0
1499 -979 0 1499 0
-1499 979 0 -1499 0
1497 -977 0 1497 0
-1497 977 0 -1497 0
1496 -976 0 1496 0
-1496 976 0 -1496 0
1495 -975 0 1495 0
-1495 975 0 -1495 0
1494 -974 0 1494 0
-1494 974 0 -1494 0
1493 -973 0 1493 0
-1493 973 0 -1493 0
1492 -972 0 1492 0
-1492 972 0 -1492 0
1491 -971 0 1491 0
-1491 971 0 -1491 0
1490 -380 0 1490 0
-1490 380 0 -1490 0
1489 -379 0 1489 0
-1489 379 0 -1489 0
1487 -377 0 1487 0
-1487 377 0 -1487 0
1486 -376 0 1486 0
-1486 376 0 -1486 0
1485 -375 0 1485 0
-1485 375 0 -1485 0
1484 -374 0 1484 0
-1484 374 0 -1484 0
1483 -373 0 1483 0
-1483 373 0 -1483 0
1482 -372 0 1482 0
-1482 372 0 -1482 0
1481 -371 0 1481 0
-1481 371 0 -1481 0
1480 -880 0 1480 0
-1480 880 0 -1480 0
1479 -879 0 1479 0
-1479 879 0 -1479 0
1477 -877 0 1477 0
-1477 877 0 -1477 0
1476 -876 0 1476 0
-1476 876 0 -1476 0
1475 -875 0 1475 0
-1475 875 0 -1475 0
1474 -874 0 1474 0
-1474 874 0 -1474 0
1473 -873 0 1473 0
-1473 873 0 -1473 0
1472 -872 0 1472 0
-1472 872 0 -1472 0
1471 -871 0 1471 0
-1471 871 0 -1471 0
1470 -480 0 1470 0
-1470 480 0 -1470 0
1469 -479 0 1469 0
-1469 479 0 -1469 0
1467 -477 0 1467 0
-1467 477 0 -1467 0
1466 -476 0 1466 0
-1466 476 0 -1466 0
1465 -475 0 1465 0
-1465 475 0 -1465 0
1464 -474 0 1464 0
-1464 474 0 -1464 0
1463 -473 0 1463 0
-1463 473 0 -1463 0
1462 -472 0 1462 0
-1462 472 0 -1462 0
1461 -471 0 1461 0
-1461 471 0 -1461 0
1460 -780 0 1460 0
-1460 780 0 -1460 0
1459 -779 0 1459 0
-1459 779 0 -1459 0
1457 -777 0 1457 0
-1457 777 0 -1457 0
1456 -776 0 1456 0
-1456 776 0 -1456 0
1455 -775 0 1455 0
-1455 775 0 -1455 0
1454 -774 0 1454 0
-1454 774 0 -1454 0
1453 -773 0 1453 0
-1453 773 0 -1453 0
1452 -772 0 1452 0
-1452 772 0 -1452 0
1449 -279 0 1449 0
-1449 279 0 -1449 0
1447 -277 0 1447 0
-1447 277 0 -1447 0
1446 -276 0 1446 0
-1446 276 0 -1446 0
1445 -275 0 1445 0
-1445 275 0 -1445 0
1444 -274 0 1444 0
-1444 274 0 -1444 0
1443 -273 0 1443 0
-1443 273 0 -1443 0
1442 -272 0 1442 0
-1442 272 0 -1442 0
1441 -271 0 1441 0
-1441 271 0 -1441 0
1440 -580 0 1440 0
-1440 580 0 -1440 0
1439 -579 0 1439 0
-1439 579 0 -1439 0
1437 -577 0 1437 0
-1437 577 0 -1437 0
1436 -576 0 1436 0
-1436 576 0 -1436 0
1435 -575 0 1435 0
-1435 575 0 -1435 0
1434 -574 0 1434 0
-1434 574 0 -1434 0
1433 -573 0 1433 0
-1433 573 0 -1433 0
1432 -572 0 1432 0
-1432 572 0 -1432 0
1431 -571 0 1431 0
-1431 571 0 -1431 0
1430 -180 0 1430 0
-1430 180 0 -1430 0
1429 -179 0 1429 0
-1429 179 0 -1429 0
1427 -177 0 1427 0
-1427 177 0 -1427 0
1426 -176 0 1426 0
-1426 176 0 -1426 0
1425 -175 0 1425 0
-1425 175 0 -1425 0
1424 -174 0 1424 0
-1424 174 0 -1424 0
1423 -173 0 1423 0
-1423 173 0 -1423 0
1422 -172 0 1422 0
-1422 172 0 -1422 0
1421 -171 0 1421 0
-1421 171 0 -1421 0
1420 -680 0 1420 0
-1420 680 0 -1420 0
1419 -679 0 1419 0
-1419 679 0 -1419 0
1417 -677 0 1417 0
-1417 677 0 -1417 0
1416 -676 0 1416 0
-1416 676 0 -1416 0
1415 -675 0 1415 0
-1415 675 0 -1415 0
1414 -674 0 1414 0
-1414 674 0 -1414 0
1413 -673 0 1413 0
-1413 673 0 -1413 0
1412 -672 0 1412 0
-1412 672 0 -1412 0
1411 -671 0 1411 0
-1411 671 0 -1411 0
1400 -950 0 1400 0
-1400 950 0 -1400 0
1399 -949 0 1399 0
-1399 949 0 -1399 0
1398 -948 0 1398 0
-1398 948 0 -1398 0
1397 -947 0 1397 0
-1397 947 0 -1397 0
1396 -946 0 1396 0
-1396 946 0 -1396 0
1394 -944 0 1394 0
-1394 944 0 -1394 0
1393 -943 0 1393 0
-1393 943 0 -1393 0
1392 -942 0 1392 0
-1392 942 0 -1392 0
1391 -941 0 1391 0
-1391 941 0 -1391 0
1390 -350 0 1390 0
-1390 350 0 -1390 0
1389 -349 0 1389 0
-1389 349 0 -1389 0
1388 -348 0 1388 0
-1388 348 0 -1388 0
1387 -347 0 1387 0
-1387 347 0 -1387 0
1386 -346 0 1386 0
-1386 346 0 -1386 0
1384 -344 0 1384 0
-1384 344 0 -1384 0
1383 -343 0 1383 0
-1383 343 0 -1383 0
1382 -342 0 1382 0
-1382 342 0 -1382 0
1381 -341 0 1381 0
-1381 341 0 -1381 0
1380 -850 0 1380 0
-1380 850 0 -1380 0
1379 -849 0 1379 0
-1379 849 0 -1379 0
1378 -848 0 1378 0
-1378 848 0 -1378 0
1377 -847 0 1377 0
-1377 847 0 -1377 0
1376 -846 0 1376 0
-1376 846 0 -1376 0
1374 -844 0 1374 0
-1374 844 0 -1374 0
1373 -843 0 1373 0
-1373 843 0 -1373 0
1372 -842 0 1372 0
-1372 842 0 -1372 0
1371 -841 0 1371 0
-1371 841 0 -1371 0
1370 -450 0 1370 0
-1370 450 0 -1370 0
1369 -449 0 1369 0
-1369 449 0 -1369 0
1368 -448 0 1368 0
-1368 448 0 -1368 0
1367 -447 0 1367 0
-1367 447 0 -1367 0
1366 -446 0 1366 0
-1366 446 0 -1366 0
1364 -444 0 1364 0
-1364 444 0 -1364 0
1363 -443 0 1363 0
-1363 443 0 -1363 0
1362 -442 0 1362 0
-1362 442 0 -1362 0
1360 -750 0 1360 0
-1360 750 0 -1360 0
1359 -749 0 1359 0
-1359 749 0 -1359 0
1358 -748 0 1358 0
-1358 748 0 -1358 0
1357 -747 0 1357 0
-1357 747 0 -1357 0
1356 -746 0 1356 0
-1356 746 0 -1356 0
1354 -744 0 1354 0
-1354 744 0 -1354 0
1353 -743 0 1353 0
-1353 743 0 -1353 0
1352 -742 0 1352 0
-1352 742 0 -1352 0
1351 -741 0 1351 0
-1351 741 0 -1351 0
1350 -250 0 1350 0
-1350 250 0 -1350 0
1349 -249 0 1349 0
-1349 249 0 -1349 0
1348 -248 0 1348 0
-1348 248 0 -1348 0
1347 -247 0 1347 0
-1347 247 0 -1347 0
1346 -246 0 1346 0
-1346 246 0 -1346 0
1344 -244 0 1344 0
-1344 244 0 -1344 0
1343 -243 0 1343 0
-1343 243 0 -1343 0
1342 -242 0 1342 0
-1342 242 0 -1342 0
1341 -241 0 1341 0
-1341 241 0 -1341 0
1339 -549 0 1339 0
-1339 549 0 -1339 0
1338 -548 0 1338 0
-1338 548 0 -1338 0
1337 -547 0 1337 0
-1337 547 0 -1337 0
1336 -546 0 1336 0
-1336 546 0 -1336 0
1334 -544 0 1334 0
-1334 544 0 -1334 0
1333 -543 0 1333 0
-1333 543 0 -1333 0
1332 -542 0 1332 0
-1332 542 0 -1332 0
1331 -541 0 1331 0
-1331 541 0 -1331 0
1330 -150 0 1330 0
-1330 150 0 -1330 0
1329 -149 0 1329 0
-1329 149 0 -1329 0
1328 -148 0 1328 0
-1328 148 0 -1328 0
1327 -147 0 1327 0
-1327 147 0 -1327 0
1326 -146 0 1326 0
-1326 146 0 -1326 0
1324 -144 0 1324 0
-1324 144 0 -1324 0
1323 -143 0 1323 0
-1323 143 0 -1323 0
1322 -142 0 1322 0
-1322 142 0 -1322 0
1321 -141 0 1321 0
-1321 141 0 -1321 0
1320 -650 0 1320 0
-1320 650 0 -1320 0
1319 -649 0 1319 0
-1319 649 0 -1319 0
1318 -648 0 1318 0
-1318 648 0 -1318 0
1317 -647 0 1317 0
-1317 647 0 -1317 0
1316 -646 0 1316 0
-1316 646 0 -1316 0
1314 -644 0 1314 0
-1314 644 0 -1314 0
1313 -643 0 1313 0
-1313 643 0 -1313 0
1312 -642 0 1312 0
-1312 642 0 -1312 0
1311 -641 0 1311 0
-1311 641 0 -1311 0
1300 -990 0 1300 0
-1300 990 0 -1300 0
1298 -988 0 1298 0
-1298 988 0 -1298 0
1297 -987 0 1297 0
-1297 987 0 -1297 0
1296 -986 0 1296 0
-1296 986 0 -1296 0
1295 -985 0 1295 0
-1295 985 0 -1295 0
1294 -984 0 1294 0
-1294 984 0 -1294 0
1293 -983 0 1293 0
-1293 983 0 -1293 0
1292 -982 0 1292 0
-1292 982 0 -1292 0
1291 -981 0 1291 0
-1291 981 0 -1291 0
1290 -390 0 1290 0
-1290 390 0 -1290 0
1288 -388 0 1288 0
-1288 388 0 -1288 0
1287 -387 0 1287 0
-1287 387 0 -1287 0
1286 -386 0 1286 0
-1286 386 0 -1286 0
1285 -385 0 1285 0
-1285 385 0 -1285 0
1284 -384 0 1284 0
-1284 384 0 -1284 0
1283 -383 0 1283 0
-1283 383 0 -1283 0
1282 -382 0 1282 0
-1282 382 0 -1282 0
1281 -381 0 1281 0
-1281 381 0 -1281 0
1280 -890 0 1280 0
-1280 890 0 -1280 0
1278 -888 0 1278 0
-1278 888 0 -1278 0
1277 -887 0 1277 0
-1277 887 0 -1277 0
1276 -886 0 1276 0
-1276 886 0 -1276 0
1275 -885 0 1275 0
-1275 885 0 -1275 0
1274 -884 0 1274 0
-1274 884 0 -1274 0
1273 -883 0 1273 0
-1273 883 0 -1273 0
1272 -882 0 1272 0
-1272 882 0 -1272 0
1270 -490 0 1270 0
-1270 490 0 -1270 0
1268 -488 0 1268 0
-1268 488 0 -1268 0
1267 -487 0 1267 0
-1267 487 0 -1267 0
1266 -486 0 1266 0
-1266 486 0 -1266 0
1265 -485 0 1265 0
-1265 485 0 -1265 0
1264 -484 0 1264 0
-1264 484 0 -1264 0
1263 -483 0 1263 0
-1263 483 0 -1263 0
1262 -482 0 1262 0
-1262 482 0 -1262 0
1261 -481 0 1261 0
-1261 481 0 -1261 0
1260 -790 0 1260 0
-1260 790 0 -1260 0
1258 -788 0 1258 0
-1258 788 0 -1258 0
1257 -787 0 1257 0
-1257 787 0 -1257 0
1256 -786 0 1256 0
-1256 786 0 -1256 0
1255 -785 0 1255 0
-1255 785 0 -1255 0
1254 -784 0 1254 0
-1254 784 0 -1254 0
1253 -783 0 1253 0
-1253 783 0 -1253 0
1252 -782 0 1252 0
-1252 782 0 -1252 0
1251 -781 0 1251 0
-1251 781 0 -1251 0
1250 -290 0 1250 0
-1250 290 0 -1250 0
1248 -288 0 1248 0
-1248 288 0 -1248 0
1247 -287 0 1247 0
-1247 287 0 -1247 0
1246 -286 0 1246 0
-1246 286 0 -1246 0
1245 -285 0 1245 0
-1245 285 0 -1245 0
1244 -284 0 1244 0
-1244 284 0 -1244 0
1243 -283 0 1243 0
-1243 283 0 -1243 0
1242 -282 0 1242 0
-1242 282 0 -1242 0
1241 -281 0 1241 0
-1241 281 0 -1241 0
1240 -590 0 1240 0
-1240 590 0 -1240 0
1238 -588 0 1238 0
-1238 588 0 -1238 0
1237 -587 0 1237 0
-1237 587 0 -1237 0
1236 -586 0 1236 0
-1236 586 0 -1236 0
1235 -585 0 1235 0
-1235 585 0 -1235 0
1234 -584 0 1234 0
-1234 584 0 -1234 0
1233 -583 0 1233 0
-1233 583 0 -1233 0
1232 -582 0 1232 0
-1232 582 0 -1232 0
1231 -581 0 1231 0
-1231 581 0 -1231 0
1228 -188 0 1228 0
-1228 188 0 -1228 0
1227 -187 0 1227 0
-1227 187 0 -1227 0
1226 -186 0 1226 0
-1226 186 0 -1226 0
1225 -185 0 1225 0
-1225 185 0 -1225 0
1224 -184 0 1224 0
-1224 184 0 -1224 0
1223 -183 0 1223 0
-1223 183 0 -1223 0
1222 -182 0 1222 0
-1222 182 0 -1222 0
1221 -181 0 1221 0
-1221 181 0 -1221 0
1220 -690 0 1220 0
-1220 690 0 -1220 0
1218 -688 0 1218 0
-1218 688 0 -1218 0
1217 -687 0 1217 0
-1217 687 0 -1217 0
1216 -686 0 1216 0
-1216 686 0 -1216 0
1215 -685 0 1215 0
-1215 685 0 -1215 0
1214 -684 0 1214 0
-1214 684 0 -1214 0
1213 -683 0 1213 0
-1213 683 0 -1213 0
1212 -682 0 1212 0
-1212 682 0 -1212 0
1211 -681 0 1211 0
-1211 681 0 -1211 0
1200 -940 0 1200 0
-1200 940 0 -1200 0
1199 -939 0 1199 0
-1199 939 0 -1199 0
1198 -938 0 1198 0
-1198 938 0 -1198 0
1197 -937 0 1197 0
-1197 937 0 -1197 0
1196 -936 0 1196 0
-1196 936 0 -1196 0
1195 -935 0 1195 0
-1195 935 0 -1195 0
1193 -933 0 1193 0
-1193 933 0 -1193 0
1192 -932 0 1192 0
-1192 932 0 -1192 0
1191 -931 0 1191 0
-1191 931 0 -1191 0
1190 -340 0 1190 0
-1190 340 0 -1190 0
1189 -339 0 1189 0
-1189 339 0 -1189 0
1188 -338 0 1188 0
-1188 338 0 -1188 0
1187 -337 0 1187 0
-1187 337 0 -1187 0
1186 -336 0 1186 0
-1186 336 0 -1186 0
1185 -335 0 1185 0
-1185 335 0 -1185 0
1183 -333 0 1183 0
-1183 333 0 -1183 0
1182 -332 0 1182 0
-1182 332 0 -1182 0
1180 -840 0 1180 0
-1180 840 0 -1180 0
1179 -839 0 1179 0
-1179 839 0 -1179 0
1178 -838 0 1178 0
-1178 838 0 -1178 0
1177 -837 0 1177 0
-1177 837 0 -1177 0
1176 -836 0 1176 0
-1176 836 0 -1176 0
1175 -835 0 1175 0
-1175 835 0 -1175 0
1173 -833 0 1173 0
-1173 833 0 -1173 0
1172 -832 0 1172 0
-1172 832 0 -1172 0
1171 -831 0 1171 0
-1171 831 0 -1171 0
1170 -440 0 1170 0
-1170 440 0 -1170 0
1169 -439 0 1169 0
-1169 439 0 -1169 0
1168 -438 0 1168 0
-1168 438 0 -1168 0
1167 -437 0 1167 0
-1167 437 0 -1167 0
1166 -436 0 1166 0
-1166 436 0 -1166 0
1165 -435 0 1165 0
-1165 435 0 -1165 0
1163 -433 0 1163 0
-1163 433 0 -1163 0
1162 -432 0 1162 0
-1162 432 0 -1162 0
1161 -431 0 1161 0
-1161 431 0 -1161 0
1160 -740 0 1160 0
-1160 740 0 -1160 0
1159 -739 0 1159 0
-1159 739 0 -1159 0
1158 -738 0 1158 0
-1158 738 0 -1158 0
1157 -737 0 1157 0
-1157 737 0 -1157 0
1156 -736 0 1156 0
-1156 736 0 -1156 0
1155 -735 0 1155 0
-1155 735 0 -1155 0
1153 -733 0 1153 0
-1153 733 0 -1153 0
1152 -732 0 1152 0
-1152 732 0 -1152 0
1151 -731 0 1151 0
-1151 731 0 -1151 0
1150 -240 0 1150 0
-1150 240 0 -1150 0
1149 -239 0 1149 0
-1149 239 0 -1149 0
1148 -238 0 1148 0
-1148 238 0 -1148 0
1147 -237 0 1147 0
-1147 237 0 -1147 0
1146 -236 0 1146 0
-1146 236 0 -1146 0
1145 -235 0 1145 0
-1145 235 0 -1145 0
1143 -233 0 1143 0
-1143 233 0 -1143 0
1142 -232 0 1142 0
-1142 232 0 -1142 0
1141 -231 0 1141 0
-1141 231 0 -1141 0
1140 -540 0 1140 0
-1140 540 0 -1140 0
1139 -539 0 1139 0
-1139 539 0 -1139 0
1138 -538 0 1138 0
-1138 538 0 -1138 0
1137 -537 0 1137 0
-1137 537 0 -1137 0
1136 -536 0 1136 0
-1136 536 0 -1136 0
1135 -535 0 1135 0
-1135 535 0 -1135 0
1133 -533 0 1133 0
-1133 533 0 -1133 0
1132 -532 0 1132 0
-1132 532 0 -1132 0
1131 -531 0 1131 0
-1131 531 0 -1131 0
1130 -140 0 1130 0
-1130 140 0 -1130 0
1129 -139 0 1129 0
-1129 139 0 -1129 0
1128 -138 0 1128 0
-1128 138 0 -1128 0
1127 -137 0 1127 0
-1127 137 0 -1127 0
1126 -136 0 1126 0
-1126 136 0 -1126 0
1125 -135 0 1125 0
-1125 135 0 -1125 0
1123 -133 0 1123 0
-1123 133 0 -1123 0
1122 -132 0 1122 0
-1122 132 0 -1122 0
1121 -131 0 1121 0
-1121 131 0 -1121 0
1119 -639 0 1119 0
-1119 639 0 -1119 0
1118 -638 0 1118 0
-1118 638 0 -1118 0
1117 -637 0 1117 0
-1117 637 0 -1117 0
1116 -636 0 1116 0
-1116 636 0 -1116 0
1115 -635 0 1115 0
-1115 635 0 -1115 0
1113 -633 0 1113 0
-1113 633 0 -1113 0
1112 -632 0 1112 0
-1112 632 0 -1112 0
1111 -631 0 1111 0
-1111 631 0 -1111 0
1099 -999 0 1099 0
-1099 999 0 -1099 0
1098 -998 0 1098 0
-1098 998 0 -1098 0
1097 -997 0 1097 0
-1097 997 0 -1097 0
1096 -996 0 1096 0
-1096 996 0 -1096 0
1095 -995 0 1095 0
-1095 995 0 -1095 0
1094 -994 0 1094 0
-1094 994 0 -1094 0
1093 -993 0 1093 0
-1093 993 0 -1093 0
1092 -992 0 1092 0
-1092 992 0 -1092 0
1089 -399 0 1089 0
-1089 399 0 -1089 0
1088 -398 0 1088 0
-1088 398 0 -1088 0
1087 -397 0 1087 0
-1087 397 0 -1087 0
1086 -396 0 1086 0
-1086 396 0 -1086 0
1085 -395 0 1085 0
-1085 395 0 -1085 0
1084 -394 0 1084 0
-1084 394 0 -1084 0
1083 -393 0 1083 0
-1083 393 0 -1083 0
1082 -392 0 1082 0
-1082 392 0 -1082 0
1081 -391 0 1081 0
-1081 391 0 -1081 0
1079 -899 0 1079 0
-1079 899 0 -1079 0
1078 -898 0 1078 0
-1078 898 0 -1078 0
1077 -897 0 1077 0
-1077 897 0 -1077 0
1076 -896 0 1076 0
-1076 896 0 -1076 0
1075 -895 0 1075 0
-1075 895 0 -1075 0
1074 -894 0 1074 0
-1074 894 0 -1074 0
1073 -893 0 1073 0
-1073 893 0 -1073 0
1072 -892 0 1072 0
-1072 892 0 -1072 0
1071 -891 0 1071 0
-1071 891 0 -1071 0
1069 -499 0 1069 0
-1069 499 0 -1069 0
1068 -498 0 1068 0
-1068 498 0 -1068 0
1067 -497 0 1067 0
-1067 497 0 -1067 0
1066 -496 0 1066 0
-1066 496 0 -1066 0
1065 -495 0 1065 0
-1065 495 0 -1065 0
1064 -494 0 1064 0
-1064 494 0 -1064 0
1063 -493 0 1063 0
-1063 493 0 -1063 0
1062 -492 0 1062 0
-1062 492 0 -1062 0
1061 -491 0 1061 0
-1061 491 0 -1061 0
1059 -799 0 1059 0
-1059 799 0 -1059 0
1058 -798 0 1058 0
-1058 798 0 -1058 0
1057 -797 0 1057 0
-1057 797 0 -1057 0
1056 -796 0 1056 0
-1056 796 0 -1056 0
1055 -795 0 1055 0
-1055 795 0 -1055 0
1054 -794 0 1054 0
-1054 794 0 -1054 0
1053 -793 0 1053 0
-1053 793 0 -1053 0
1052 -792 0 1052 0
-1052 792 0 -1052 0
1051 -791 0 1051 0
-1051 791 0 -1051 0
1049 -299 0 1049 0
-1049 299 0 -1049 0
1048 -298 0 1048 0
-1048 298 0 -1048 0
1047 -297 0 1047 0
-1047 297 0 -1047 0
1046 -296 0 1046 0
-1046 296 0 -1046 0
1045 -295 0 1045 0
-1045 295 0 -1045 0
1044 -294 0 1044 0
-1044 294 0 -1044 0
1043 -293 0 1043 0
-1043 293 0 -1043 0
1042 -292 0 1042 0
-1042 292 0 -1042 0
1041 -291 0 1041 0
-1041 291 0 -1041 0
1039 -599 0 1039 0
-1039 599 0 -1039 0
1038 -598 0 1038 0
-1038 598 0 -1038 0
1037 -597 0 1037 0
-1037 597 0 -1037 0
1036 -596 0 1036 0
-1036 596 0 -1036 0
1035 -595 0 1035 0
-1035 595 0 -1035 0
1034 -594 0 1034 0
-1034 594 0 -1034 0
1033 -593 0 1033 0
-1033 593 0 -1033 0
1032 -592 0 1032 0
-1032 592 0 -1032 0
1031 -591 0 1031 0
-1031 591 0 -1031 0
1029 -199 0 1029 0
-1029 199 0 -1029 0
1028 -198 0 1028 0
-1028 198 0 -1028 0
1027 -197 0 1027 0
-1027 197 0 -1027 0
1026 -196 0 1026 0
-1026 196 0 -1026 0
1025 -195 0 1025 0
-1025 195 0 -1025 0
1024 -194 0 1024 0
-1024 194 0 -1024 0
1023 -193 0 1023 0
-1023 193 0 -1023 0
1022 -192 0 1022 0
-1022 192 0 -1022 0
1021 -191 0 1021 0
-1021 191 0 -1021 0
1019 -699 0 1019 0
-1019 699 0 -1019 0
1018 -698 0 1018 0
-1018 698 0 -1018 0
1017 -697 0 1017 0
-1017 697 0 -1017 0
1016 -696 0 1016 0
-1016 696 0 -1016 0
1015 -695 0 1015 0
-1015 695 0 -1015 0
1014 -694 0 1014 0
-1014 694 0 -1014 0
1013 -693 0 1013 0
-1013 693 0 -1013 0
1012 -692 0 1012 0
-1012 692 0 -1012 0
1011 -691 0 1011 0
-1011 691 0 -1011 0
