1 0 1 0
-2 0 -2 0
-3 0 -3 0
-4 0 -4 0
-5 0 -5 0
-6 0 -6 0
-7 0 -7 0
-8 0 -8 0
-9 0 -9 0
-10 0 -10 0
-11 0 -11 0
12 0 12 0
-13 0 -13 0
-14 0 -14 0
-15 0 -15 0
-16 0 -16 0
-17 0 -17 0
-18 0 -18 0
-19 0 -19 0
-20 0 -20 0
-21 0 -21 0
-22 0 -22 0
23 0 23 0
-24 0 -24 0
-25 0 -25 0
-26 0 -26 0
-27 0 -27 0
-28 0 -28 0
-29 0 -29 0
-30 0 -30 0
-31 0 -31 0
-32 0 -32 0
-33 0 -33 0
34 0 34 0
-35 0 -35 0
-36 0 -36 0
-37 0 -37 0
-38 0 -38 0
-39 0 -39 0
-40 0 -40 0
-41 0 -41 0
-42 0 -42 0
-43 0 -43 0
-44 0 -44 0
45 0 45 0
-46 0 -46 0
-47 0 -47 0
-48 0 -48 0
-49 0 -49 0
-50 0 -50 0
-51 0 -51 0
-52 0 -52 0
-53 0 -53 0
-54 0 -54 0
-55 0 -55 0
56 0 56 0
-57 0 -57 0
-58 0 -58 0
-59 0 -59 0
-60 0 -60 0
-61 0 -61 0
-62 0 -62 0
-63 0 -63 0
-64 0 -64 0
-65 0 -65 0
-66 0 -66 0
67 0 67 0
-68 0 -68 0
-69 0 -69 0
-70 0 -70 0
-71 0 -71 0
-72 0 -72 0
-73 0 -73 0
-74 0 -74 0
-75 0 -75 0
-76 0 -76 0
-77 0 -77 0
78 0 78 0
-79 0 -79 0
-80 0 -80 0
-81 0 -81 0
-82 0 -82 0
-83 0 -83 0
-84 0 -84 0
-85 0 -85 0
-86 0 -86 0
-87 0 -87 0
-88 0 -88 0
89 0 89 0
-90 0 -90 0
-91 0 -91 0
-92 0 -92 0
-93 0 -93 0
-94 0 -94 0
-95 0 -95 0
-96 0 -96 0
-97 0 -97 0
-98 0 -98 0
-99 0 -99 0
100 0 100 0
-101 0 -101 0
-102 0 -102 0
-111 0 -111 0
-112 0 -112 0
-123 0 -123 0
-134 0 -134 0
-145 0 -145 0
-156 0 -156 0
-167 0 -167 0
-178 0 -178 0
-189 0 -189 0
-190 0 -190 0
-200 0 -200 0
-201 0 -201 0
-203 0 -203 0
-212 0 -212 0
-221 0 -221 0
-223 0 -223 0
-234 0 -234 0
-245 0 -245 0
-256 0 -256 0
-267 0 -267 0
-278 0 -278 0
-280 0 -280 0
-289 0 -289 0
-300 0 -300 0
-301 0 -301 0
-304 0 -304 0
-312 0 -312 0
-323 0 -323 0
-331 0 -331 0
-334 0 -334 0
-345 0 -345 0
-356 0 -356 0
-367 0 -367 0
-370 0 -370 0
-378 0 -378 0
-389 0 -389 0
-400 0 -400 0
-401 0 -401 0
-405 0 -405 0
-412 0 -412 0
-423 0 -423 0
-434 0 -434 0
-441 0 -441 0
-445 0 -445 0
-456 0 -456 0
-460 0 -460 0
-467 0 -467 0
-478 0 -478 0
-489 0 -489 0
-500 0 -500 0
-501 0 -501 0
-506 0 -506 0
-512 0 -512 0
-523 0 -523 0
-534 0 -534 0
-545 0 -545 0
-550 0 -550 0
-551 0 -551 0
-556 0 -556 0
-567 0 -567 0
-578 0 -578 0
-589 0 -589 0
-600 0 -600 0
-601 0 -601 0
-607 0 -607 0
-612 0 -612 0
-623 0 -623 0
-634 0 -634 0
-640 0 -640 0
-645 0 -645 0
-656 0 -656 0
-661 0 -661 0
-667 0 -667 0
-678 0 -678 0
-689 0 -689 0
-700 0 -700 0
-701 0 -701 0
-708 0 -708 0
-712 0 -712 0
-723 0 -723 0
-730 0 -730 0
-734 0 -734 0
-745 0 -745 0
-756 0 -756 0
-767 0 -767 0
-771 0 -771 0
-778 0 -778 0
-789 0 -789 0
-800 0 -800 0
-801 0 -801 0
-809 0 -809 0
-812 0 -812 0
-820 0 -820 0
-823 0 -823 0
-834 0 -834 0
-845 0 -845 0
-856 0 -856 0
-867 0 -867 0
-878 0 -878 0
-881 0 -881 0
-889 0 -889 0
-900 0 -900 0
-901 0 -901 0
-910 0 -910 0
-912 0 -912 0
-923 0 -923 0
-934 0 -934 0
-945 0 -945 0
-956 0 -956 0
-967 0 -967 0
-978 0 -978 0
-989 0 -989 0
-991 0 -991 0
-1000 0 -1000 0
1001 0 1001 0
-1002 0 -1002 0
-1003 0 -1003 0
-1004 0 -1004 0
-1005 0 -1005 0
-1006 0 -1006 0
-1007 0 -1007 0
-1008 0 -1008 0
-1009 0 -1009 0
-1010 0 -1010 0
-1011 0 -1011 0
-1012 0 -1012 0
-1021 0 -1021 0
-1023 0 -1023 0
-1031 0 -1031 0
-1034 0 -1034 0
-1041 0 -1041 0
-1045 0 -1045 0
-1051 0 -1051 0
-1056 0 -1056 0
-1061 0 -1061 0
-1067 0 -1067 0
-1071 0 -1071 0
-1078 0 -1078 0
-1081 0 -1081 0
-1089 0 -1089 0
-1091 0 -1091 0
-1100 0 -1100 0
-1101 0 -1101 0
1102 0 1102 0
-1103 0 -1103 0
-1104 0 -1104 0
-1105 0 -1105 0
-1106 0 -1106 0
-1107 0 -1107 0
-1108 0 -1108 0
-1109 0 -1109 0
-1110 0 -1110 0
-1111 0 -1111 0
-1112 0 -1112 0
-1122 0 -1122 0
-1132 0 -1132 0
-1142 0 -1142 0
-1152 0 -1152 0
-1162 0 -1162 0
-1172 0 -1172 0
-1182 0 -1182 0
-1190 0 -1190 0
-1192 0 -1192 0
-1201 0 -1201 0
-1202 0 -1202 0
1203 0 1203 0
-1204 0 -1204 0
-1205 0 -1205 0
-1206 0 -1206 0
-1207 0 -1207 0
-1208 0 -1208 0
-1209 0 -1209 0
-1210 0 -1210 0
-1213 0 -1213 0
-1221 0 -1221 0
-1223 0 -1223 0
-1233 0 -1233 0
-1243 0 -1243 0
-1253 0 -1253 0
-1263 0 -1263 0
-1273 0 -1273 0
-1280 0 -1280 0
-1283 0 -1283 0
-1293 0 -1293 0
-1301 0 -1301 0
-1302 0 -1302 0
-1303 0 -1303 0
1304 0 1304 0
-1305 0 -1305 0
-1306 0 -1306 0
-1307 0 -1307 0
-1308 0 -1308 0
-1309 0 -1309 0
-1310 0 -1310 0
-1314 0 -1314 0
-1324 0 -1324 0
-1331 0 -1331 0
-1334 0 -1334 0
-1344 0 -1344 0
-1354 0 -1354 0
-1364 0 -1364 0
-1370 0 -1370 0
-1374 0 -1374 0
-1384 0 -1384 0
-1394 0 -1394 0
-1401 0 -1401 0
-1402 0 -1402 0
-1403 0 -1403 0
-1404 0 -1404 0
1405 0 1405 0
-1406 0 -1406 0
-1407 0 -1407 0
-1408 0 -1408 0
-1409 0 -1409 0
-1410 0 -1410 0
-1415 0 -1415 0
-1425 0 -1425 0
-1435 0 -1435 0
-1441 0 -1441 0
-1445 0 -1445 0
-1455 0 -1455 0
-1460 0 -1460 0
-1465 0 -1465 0
-1475 0 -1475 0
-1485 0 -1485 0
-1495 0 -1495 0
-1501 0 -1501 0
-1502 0 -1502 0
-1503 0 -1503 0
-1504 0 -1504 0
-1505 0 -1505 0
1506 0 1506 0
-1507 0 -1507 0
-1508 0 -1508 0
-1509 0 -1509 0
-1510 0 -1510 0
-1516 0 -1516 0
-1526 0 -1526 0
-1536 0 -1536 0
-1546 0 -1546 0
-1550 0 -1550 0
-1551 0 -1551 0
-1556 0 -1556 0
-1566 0 -1566 0
-1576 0 -1576 0
-1586 0 -1586 0
-1596 0 -1596 0
-1601 0 -1601 0
-1602 0 -1602 0
-1603 0 -1603 0
-1604 0 -1604 0
-1605 0 -1605 0
-1606 0 -1606 0
1607 0 1607 0
-1608 0 -1608 0
-1609 0 -1609 0
-1610 0 -1610 0
-1617 0 -1617 0
-1627 0 -1627 0
-1637 0 -1637 0
-1640 0 -1640 0
-1647 0 -1647 0
-1657 0 -1657 0
-1661 0 -1661 0
-1667 0 -1667 0
-1677 0 -1677 0
-1687 0 -1687 0
-1697 0 -1697 0
-1701 0 -1701 0
-1702 0 -1702 0
-1703 0 -1703 0
-1704 0 -1704 0
-1705 0 -1705 0
-1706 0 -1706 0
-1707 0 -1707 0
1708 0 1708 0
-1709 0 -1709 0
-1710 0 -1710 0
-1718 0 -1718 0
-1728 0 -1728 0
-1730 0 -1730 0
-1738 0 -1738 0
-1748 0 -1748 0
-1758 0 -1758 0
-1768 0 -1768 0
-1771 0 -1771 0
-1778 0 -1778 0
-1788 0 -1788 0
-1798 0 -1798 0
-1801 0 -1801 0
-1802 0 -1802 0
-1803 0 -1803 0
-1804 0 -1804 0
-1805 0 -1805 0
-1806 0 -1806 0
-1807 0 -1807 0
-1808 0 -1808 0
1809 0 1809 0
-1810 0 -1810 0
-1819 0 -1819 0
-1820 0 -1820 0
-1829 0 -1829 0
-1839 0 -1839 0
-1849 0 -1849 0
-1859 0 -1859 0
-1869 0 -1869 0
-1879 0 -1879 0
-1881 0 -1881 0
-1889 0 -1889 0
-1899 0 -1899 0
-1901 0 -1901 0
-1902 0 -1902 0
-1903 0 -1903 0
-1904 0 -1904 0
-1905 0 -1905 0
-1906 0 -1906 0
-1907 0 -1907 0
-1908 0 -1908 0
-1909 0 -1909 0
1910 0 1910 0
-1920 0 -1920 0
-1930 0 -1930 0
-1940 0 -1940 0
-1950 0 -1950 0
-1960 0 -1960 0
-1970 0 -1970 0
-1980 0 -1980 0
-1990 0 -1990 0
-1991 0 -1991 0
-2000 0 -2000 0
-909 -549 0 -909 0
-819 -909 0 -909 0
-909 -279 0 -909 0
-909 -369 0 -909 0
-909 -459 0 -909 0
-639 -909 0 -909 0
-729 -909 0 -909 0
639 369 549 729 819 279 909 459 0 909 0
-118 -998 0 -998 0
-668 -998 0 -998 0
-888 -998 0 -998 0
-338 -998 0 -998 0
-558 -998 0 -998 0
-448 -998 0 -998 0
-228 -998 0 -998 0
338 888 558 668 228 998 118 448 0 998 0
-884 -887 0 -887 0
-888 -887 0 -887 0
-883 -887 0 -887 0
-890 -887 0 -887 0
-885 -887 0 -887 0
-882 -887 0 -887 0
-886 -887 0 -887 0
888 890 882 887 885 883 886 884 0 887 0
-779 -773 0 -779 0
-779 -774 0 -779 0
-780 -779 0 -779 0
-779 -775 0 -779 0
-772 -779 0 -779 0
-777 -779 0 -779 0
-779 -776 0 -779 0
777 779 772 773 774 775 776 780 0 779 0
-995 -665 0 -665 0
-885 -665 0 -665 0
-555 -665 0 -665 0
-225 -665 0 -665 0
-335 -665 0 -665 0
-115 -665 0 -665 0
-775 -665 0 -665 0
555 225 775 335 665 115 995 885 0 665 0
-558 -554 0 -554 0
-554 -553 0 -554 0
-560 -554 0 -554 0
-555 -554 0 -554 0
-554 -557 0 -554 0
-554 -559 0 -554 0
-552 -554 0 -554 0
552 559 560 553 554 555 557 558 0 554 0
-447 -446 0 -446 0
-444 -446 0 -446 0
-443 -446 0 -446 0
-446 -450 0 -446 0
-446 -449 0 -446 0
-442 -446 0 -446 0
-448 -446 0 -446 0
450 449 442 444 446 447 448 443 0 446 0
-992 -332 0 -332 0
-882 -332 0 -332 0
-772 -332 0 -332 0
-662 -332 0 -332 0
-552 -332 0 -332 0
-442 -332 0 -332 0
-222 -332 0 -332 0
552 662 222 882 442 332 772 992 0 332 0
-113 -553 0 -113 0
-993 -113 0 -113 0
-113 -773 0 -113 0
-443 -113 0 -113 0
-663 -113 0 -113 0
-333 -113 0 -113 0
-113 -883 0 -113 0
773 553 993 333 663 113 443 883 0 113 0
-227 -230 0 -230 0
-225 -230 0 -230 0
-226 -230 0 -230 0
-224 -230 0 -230 0
-229 -230 0 -230 0
-228 -230 0 -230 0
-222 -230 0 -230 0
229 224 227 230 225 226 228 222 0 230 0
-808 -108 0 -808 0
-508 -808 0 -808 0
-408 -808 0 -808 0
-808 -208 0 -808 0
-608 -808 0 -808 0
-808 -908 0 -808 0
-808 -308 0 -808 0
308 108 208 608 808 908 408 508 0 808 0
-707 -704 0 -707 0
-706 -707 0 -707 0
-707 -705 0 -707 0
-702 -707 0 -707 0
-710 -707 0 -707 0
-703 -707 0 -707 0
-709 -707 0 -707 0
707 710 703 704 705 706 702 709 0 707 0
-606 -604 0 -606 0
-606 -603 0 -606 0
-610 -606 0 -606 0
-609 -606 0 -606 0
-605 -606 0 -606 0
-602 -606 0 -606 0
-608 -606 0 -606 0
602 606 603 604 605 610 608 609 0 606 0
-504 -505 0 -505 0
-505 -509 0 -505 0
-507 -505 0 -505 0
-508 -505 0 -505 0
-505 -502 0 -505 0
-505 -503 0 -505 0
-510 -505 0 -505 0
510 504 503 502 505 507 508 509 0 505 0
-104 -404 0 -404 0
-404 -504 0 -404 0
-404 -204 0 -404 0
-404 -704 0 -404 0
-404 -804 0 -404 0
-404 -604 0 -404 0
-404 -904 0 -404 0
504 704 204 404 104 604 904 804 0 404 0
-303 -305 0 -303 0
-303 -310 0 -303 0
-303 -306 0 -303 0
-303 -307 0 -303 0
-303 -309 0 -303 0
-303 -308 0 -303 0
-303 -302 0 -303 0
310 302 303 305 306 307 308 309 0 303 0
-502 -202 0 -202 0
-702 -202 0 -202 0
-902 -202 0 -202 0
-202 -602 0 -202 0
-202 -402 0 -202 0
-202 -802 0 -202 0
-302 -202 0 -202 0
402 302 702 602 802 902 502 202 0 202 0
-110 -109 0 -110 0
-110 -105 0 -110 0
-104 -110 0 -110 0
-110 -106 0 -110 0
-110 -107 0 -110 0
-110 -108 0 -110 0
-103 -110 0 -110 0
103 104 110 105 106 107 108 109 0 110 0
1999 -999 0 1999 0
-1999 999 0 -1999 0
1998 -998 0 1998 0
-1998 998 0 -1998 0
1997 -997 0 1997 0
-1997 997 0 -1997 0
1996 -996 0 1996 0
-1996 996 0 -1996 0
1995 -995 0 1995 0
-1995 995 0 -1995 0
1994 -994 0 1994 0
-1994 994 0 -1994 0
1993 -993 0 1993 0
-1993 993 0 -1993 0
1992 -992 0 1992 0
-1992 992 0 -1992 0
1989 -899 0 1989 0
-1989 899 0 -1989 0
1988 -898 0 1988 0
-1988 898 0 -1988 0
1987 -897 0 1987 0
-1987 897 0 -1987 0
1986 -896 0 1986 0
-1986 896 0 -1986 0
1985 -895 0 1985 0
-1985 895 0 -1985 0
1984 -894 0 1984 0
-1984 894 0 -1984 0
1983 -893 0 1983 0
-1983 893 0 -1983 0
1982 -892 0 1982 0
-1982 892 0 -1982 0
1981 -891 0 1981 0
-1981 891 0 -1981 0
1979 -799 0 1979 0
-1979 799 0 -1979 0
1978 -798 0 1978 0
-1978 798 0 -1978 0
1977 -797 0 1977 0
-1977 797 0 -1977 0
1976 -796 0 1976 0
-1976 796 0 -1976 0
1975 -795 0 1975 0
-1975 795 0 -1975 0
1974 -794 0 1974 0
-1974 794 0 -1974 0
1973 -793 0 1973 0
-1973 793 0 -1973 0
1972 -792 0 1972 0
-1972 792 0 -1972 0
1971 -791 0 1971 0
-1971 791 0 -1971 0
1969 -699 0 1969 0
-1969 699 0 -1969 0
1968 -698 0 1968 0
-1968 698 0 -1968 0
1967 -697 0 1967 0
-1967 697 0 -1967 0
1966 -696 0 1966 0
-1966 696 0 -1966 0
1965 -695 0 1965 0
-1965 695 0 -1965 0
1964 -694 0 1964 0
-1964 694 0 -1964 0
1963 -693 0 1963 0
-1963 693 0 -1963 0
1962 -692 0 1962 0
-1962 692 0 -1962 0
1961 -691 0 1961 0
-1961 691 0 -1961 0
1959 -599 0 1959 0
-1959 599 0 -1959 0
1958 -598 0 1958 0
-1958 598 0 -1958 0
1957 -597 0 1957 0
-1957 597 0 -1957 0
1956 -596 0 1956 0
-1956 596 0 -1956 0
1955 -595 0 1955 0
-1955 595 0 -1955 0
1954 -594 0 1954 0
-1954 594 0 -1954 0
1953 -593 0 1953 0
-1953 593 0 -1953 0
1952 -592 0 1952 0
-1952 592 0 -1952 0
1951 -591 0 1951 0
-1951 591 0 -1951 0
1949 -499 0 1949 0
-1949 499 0 -1949 0
1948 -498 0 1948 0
-1948 498 0 -1948 0
1947 -497 0 1947 0
-1947 497 0 -1947 0
1946 -496 0 1946 0
-1946 496 0 -1946 0
1945 -495 0 1945 0
-1945 495 0 -1945 0
1944 -494 0 1944 0
-1944 494 0 -1944 0
1943 -493 0 1943 0
-1943 493 0 -1943 0
1942 -492 0 1942 0
-1942 492 0 -1942 0
1941 -491 0 1941 0
-1941 491 0 -1941 0
1939 -399 0 1939 0
-1939 399 0 -1939 0
1938 -398 0 1938 0
-1938 398 0 -1938 0
1937 -397 0 1937 0
-1937 397 0 -1937 0
1936 -396 0 1936 0
-1936 396 0 -1936 0
1935 -395 0 1935 0
-1935 395 0 -1935 0
1934 -394 0 1934 0
-1934 394 0 -1934 0
1933 -393 0 1933 0
-1933 393 0 -1933 0
1932 -392 0 1932 0
-1932 392 0 -1932 0
1931 -391 0 1931 0
-1931 391 0 -1931 0
1929 -299 0 1929 0
-1929 299 0 -1929 0
1928 -298 0 1928 0
-1928 298 0 -1928 0
1927 -297 0 1927 0
-1927 297 0 -1927 0
1926 -296 0 1926 0
-1926 296 0 -1926 0
1925 -295 0 1925 0
-1925 295 0 -1925 0
1924 -294 0 1924 0
-1924 294 0 -1924 0
1923 -293 0 1923 0
-1923 293 0 -1923 0
1922 -292 0 1922 0
-1922 292 0 -1922 0
1921 -291 0 1921 0
-1921 291 0 -1921 0
1919 -199 0 1919 0
-1919 199 0 -1919 0
1918 -198 0 1918 0
-1918 198 0 -1918 0
1917 -197 0 1917 0
-1917 197 0 -1917 0
1916 -196 0 1916 0
-1916 196 0 -1916 0
1915 -195 0 1915 0
-1915 195 0 -1915 0
1914 -194 0 1914 0
-1914 194 0 -1914 0
1913 -193 0 1913 0
-1913 193 0 -1913 0
1912 -192 0 1912 0
-1912 192 0 -1912 0
1911 -191 0 1911 0
-1911 191 0 -1911 0
1900 -990 0 1900 0
-1900 990 0 -1900 0
1898 -988 0 1898 0
-1898 988 0 -1898 0
1897 -987 0 1897 0
-1897 987 0 -1897 0
1896 -986 0 1896 0
-1896 986 0 -1896 0
1895 -985 0 1895 0
-1895 985 0 -1895 0
1894 -984 0 1894 0
-1894 984 0 -1894 0
1893 -983 0 1893 0
-1893 983 0 -1893 0
1892 -982 0 1892 0
-1892 982 0 -1892 0
1891 -981 0 1891 0
-1891 981 0 -1891 0
1890 -890 0 1890 0
-1890 890 0 -1890 0
1888 -888 0 1888 0
-1888 888 0 -1888 0
1887 -887 0 1887 0
-1887 887 0 -1887 0
1886 -886 0 1886 0
-1886 886 0 -1886 0
1885 -885 0 1885 0
-1885 885 0 -1885 0
1884 -884 0 1884 0
-1884 884 0 -1884 0
1883 -883 0 1883 0
-1883 883 0 -1883 0
1882 -882 0 1882 0
-1882 882 0 -1882 0
1880 -790 0 1880 0
-1880 790 0 -1880 0
1878 -788 0 1878 0
-1878 788 0 -1878 0
1877 -787 0 1877 0
-1877 787 0 -1877 0
1876 -786 0 1876 0
-1876 786 0 -1876 0
1875 -785 0 1875 0
-1875 785 0 -1875 0
1874 -784 0 1874 0
-1874 784 0 -1874 0
1873 -783 0 1873 0
-1873 783 0 -1873 0
1872 -782 0 1872 0
-1872 782 0 -1872 0
1871 -781 0 1871 0
-1871 781 0 -1871 0
1870 -690 0 1870 0
-1870 690 0 -1870 0
1868 -688 0 1868 0
-1868 688 0 -1868 0
1867 -687 0 1867 0
-1867 687 0 -1867 0
1866 -686 0 1866 0
-1866 686 0 -1866 0
1865 -685 0 1865 0
-1865 685 0 -1865 0
1864 -684 0 1864 0
-1864 684 0 -1864 0
1863 -683 0 1863 0
-1863 683 0 -1863 0
1862 -682 0 1862 0
-1862 682 0 -1862 0
1861 -681 0 1861 0
-1861 681 0 -1861 0
1860 -590 0 1860 0
-1860 590 0 -1860 0
1858 -588 0 1858 0
-1858 588 0 -1858 0
1857 -587 0 1857 0
-1857 587 0 -1857 0
1856 -586 0 1856 0
-1856 586 0 -1856 0
1855 -585 0 1855 0
-1855 585 0 -1855 0
1854 -584 0 1854 0
-1854 584 0 -1854 0
1853 -583 0 1853 0
-1853 583 0 -1853 0
1852 -582 0 1852 0
-1852 582 0 -1852 0
1851 -581 0 1851 0
-1851 581 0 -1851 0
1850 -490 0 1850 0
-1850 490 0 -1850 0
1848 -488 0 1848 0
-1848 488 0 -1848 0
1847 -487 0 1847 0
-1847 487 0 -1847 0
1846 -486 0 1846 0
-1846 486 0 -1846 0
1845 -485 0 1845 0
-1845 485 0 -1845 0
1844 -484 0 1844 0
-1844 484 0 -1844 0
1843 -483 0 1843 0
-1843 483 0 -1843 0
1842 -482 0 1842 0
-1842 482 0 -1842 0
1841 -481 0 1841 0
-1841 481 0 -1841 0
1840 -390 0 1840 0
-1840 390 0 -1840 0
1838 -388 0 1838 0
-1838 388 0 -1838 0
1837 -387 0 1837 0
-1837 387 0 -1837 0
1836 -386 0 1836 0
-1836 386 0 -1836 0
1835 -385 0 1835 0
-1835 385 0 -1835 0
1834 -384 0 1834 0
-1834 384 0 -1834 0
1833 -383 0 1833 0
-1833 383 0 -1833 0
1832 -382 0 1832 0
-1832 382 0 -1832 0
1831 -381 0 1831 0
-1831 381 0 -1831 0
1830 -290 0 1830 0
-1830 290 0 -1830 0
1828 -288 0 1828 0
-1828 288 0 -1828 0
1827 -287 0 1827 0
-1827 287 0 -1827 0
1826 -286 0 1826 0
-1826 286 0 -1826 0
1825 -285 0 1825 0
-1825 285 0 -1825 0
1824 -284 0 1824 0
-1824 284 0 -1824 0
1823 -283 0 1823 0
-1823 283 0 -1823 0
1822 -282 0 1822 0
-1822 282 0 -1822 0
1821 -281 0 1821 0
-1821 281 0 -1821 0
1818 -188 0 1818 0
-1818 188 0 -1818 0
1817 -187 0 1817 0
-1817 187 0 -1817 0
1816 -186 0 1816 0
-1816 186 0 -1816 0
1815 -185 0 1815 0
-1815 185 0 -1815 0
1814 -184 0 1814 0
-1814 184 0 -1814 0
1813 -183 0 1813 0
-1813 183 0 -1813 0
1812 -182 0 1812 0
-1812 182 0 -1812 0
1811 -181 0 1811 0
-1811 181 0 -1811 0
1800 -980 0 1800 0
-1800 980 0 -1800 0
1799 -979 0 1799 0
-1799 979 0 -1799 0
1797 -977 0 1797 0
-1797 977 0 -1797 0
1796 -976 0 1796 0
-1796 976 0 -1796 0
1795 -975 0 1795 0
-1795 975 0 -1795 0
1794 -974 0 1794 0
-1794 974 0 -1794 0
1793 -973 0 1793 0
-1793 973 0 -1793 0
1792 -972 0 1792 0
-1792 972 0 -1792 0
1791 -971 0 1791 0
-1791 971 0 -1791 0
1790 -880 0 1790 0
-1790 880 0 -1790 0
1789 -879 0 1789 0
-1789 879 0 -1789 0
1787 -877 0 1787 0
-1787 877 0 -1787 0
1786 -876 0 1786 0
-1786 876 0 -1786 0
1785 -875 0 1785 0
-1785 875 0 -1785 0
1784 -874 0 1784 0
-1784 874 0 -1784 0
1783 -873 0 1783 0
-1783 873 0 -1783 0
1782 -872 0 1782 0
-1782 872 0 -1782 0
1781 -871 0 1781 0
-1781 871 0 -1781 0
1780 -780 0 1780 0
-1780 780 0 -1780 0
1779 -779 0 1779 0
-1779 779 0 -1779 0
1777 -777 0 1777 0
-1777 777 0 -1777 0
1776 -776 0 1776 0
-1776 776 0 -1776 0
1775 -775 0 1775 0
-1775 775 0 -1775 0
1774 -774 0 1774 0
-1774 774 0 -1774 0
1773 -773 0 1773 0
-1773 773 0 -1773 0
1772 -772 0 1772 0
-1772 772 0 -1772 0
1770 -680 0 1770 0
-1770 680 0 -1770 0
1769 -679 0 1769 0
-1769 679 0 -1769 0
1767 -677 0 1767 0
-1767 677 0 -1767 0
1766 -676 0 1766 0
-1766 676 0 -1766 0
1765 -675 0 1765 0
-1765 675 0 -1765 0
1764 -674 0 1764 0
-1764 674 0 -1764 0
1763 -673 0 1763 0
-1763 673 0 -1763 0
1762 -672 0 1762 0
-1762 672 0 -1762 0
1761 -671 0 1761 0
-1761 671 0 -1761 0
1760 -580 0 1760 0
-1760 580 0 -1760 0
1759 -579 0 1759 0
-1759 579 0 -1759 0
1757 -577 0 1757 0
-1757 577 0 -1757 0
1756 -576 0 1756 0
-1756 576 0 -1756 0
1755 -575 0 1755 0
-1755 575 0 -1755 0
1754 -574 0 1754 0
-1754 574 0 -1754 0
1753 -573 0 1753 0
-1753 573 0 -1753 0
1752 -572 0 1752 0
-1752 572 0 -1752 0
1751 -571 0 1751 0
-1751 571 0 -1751 0
1750 -480 0 1750 0
-1750 480 0 -1750 0
1749 -479 0 1749 0
-1749 479 0 -1749 0
1747 -477 0 1747 0
-1747 477 0 -1747 0
1746 -476 0 1746 0
-1746 476 0 -1746 0
1745 -475 0 1745 0
-1745 475 0 -1745 0
1744 -474 0 1744 0
-1744 474 0 -1744 0
1743 -473 0 1743 0
-1743 473 0 -1743 0
1742 -472 0 1742 0
-1742 472 0 -1742 0
1741 -471 0 1741 0
-1741 471 0 -1741 0
1740 -380 0 1740 0
-1740 380 0 -1740 0
1739 -379 0 1739 0
-1739 379 0 -1739 0
1737 -377 0 1737 0
-1737 377 0 -1737 0
1736 -376 0 1736 0
-1736 376 0 -1736 0
1735 -375 0 1735 0
-1735 375 0 -1735 0
1734 -374 0 1734 0
-1734 374 0 -1734 0
1733 -373 0 1733 0
-1733 373 0 -1733 0
1732 -372 0 1732 0
-1732 372 0 -1732 0
1731 -371 0 1731 0
-1731 371 0 -1731 0
1729 -279 0 1729 0
-1729 279 0 -1729 0
1727 -277 0 1727 0
-1727 277 0 -1727 0
1726 -276 0 1726 0
-1726 276 0 -1726 0
1725 -275 0 1725 0
-1725 275 0 -1725 0
1724 -274 0 1724 0
-1724 274 0 -1724 0
1723 -273 0 1723 0
-1723 273 0 -1723 0
1722 -272 0 1722 0
-1722 272 0 -1722 0
1721 -271 0 1721 0
-1721 271 0 -1721 0
1720 -180 0 1720 0
-1720 180 0 -1720 0
1719 -179 0 1719 0
-1719 179 0 -1719 0
1717 -177 0 1717 0
-1717 177 0 -1717 0
1716 -176 0 1716 0
-1716 176 0 -1716 0
1715 -175 0 1715 0
-1715 175 0 -1715 0
1714 -174 0 1714 0
-1714 174 0 -1714 0
1713 -173 0 1713 0
-1713 173 0 -1713 0
1712 -172 0 1712 0
-1712 172 0 -1712 0
1711 -171 0 1711 0
-1711 171 0 -1711 0
1700 -970 0 1700 0
-1700 970 0 -1700 0
1699 -969 0 1699 0
-1699 969 0 -1699 0
1698 -968 0 1698 0
-1698 968 0 -1698 0
1696 -966 0 1696 0
-1696 966 0 -1696 0
1695 -965 0 1695 0
-1695 965 0 -1695 0
1694 -964 0 1694 0
-1694 964 0 -1694 0
1693 -963 0 1693 0
-1693 963 0 -1693 0
1692 -962 0 1692 0
-1692 962 0 -1692 0
1691 -961 0 1691 0
-1691 961 0 -1691 0
1690 -870 0 1690 0
-1690 870 0 -1690 0
1689 -869 0 1689 0
-1689 869 0 -1689 0
1688 -868 0 1688 0
-1688 868 0 -1688 0
1686 -866 0 1686 0
-1686 866 0 -1686 0
1685 -865 0 1685 0
-1685 865 0 -1685 0
1684 -864 0 1684 0
-1684 864 0 -1684 0
1683 -863 0 1683 0
-1683 863 0 -1683 0
1682 -862 0 1682 0
-1682 862 0 -1682 0
1681 -861 0 1681 0
-1681 861 0 -1681 0
1680 -770 0 1680 0
-1680 770 0 -1680 0
1679 -769 0 1679 0
-1679 769 0 -1679 0
1678 -768 0 1678 0
-1678 768 0 -1678 0
1676 -766 0 1676 0
-1676 766 0 -1676 0
1675 -765 0 1675 0
-1675 765 0 -1675 0
1674 -764 0 1674 0
-1674 764 0 -1674 0
1673 -763 0 1673 0
-1673 763 0 -1673 0
1672 -762 0 1672 0
-1672 762 0 -1672 0
1671 -761 0 1671 0
-1671 761 0 -1671 0
1670 -670 0 1670 0
-1670 670 0 -1670 0
1669 -669 0 1669 0
-1669 669 0 -1669 0
1668 -668 0 1668 0
-1668 668 0 -1668 0
1666 -666 0 1666 0
-1666 666 0 -1666 0
1665 -665 0 1665 0
-1665 665 0 -1665 0
1664 -664 0 1664 0
-1664 664 0 -1664 0
1663 -663 0 1663 0
-1663 663 0 -1663 0
1662 -662 0 1662 0
-1662 662 0 -1662 0
1660 -570 0 1660 0
-1660 570 0 -1660 0
1659 -569 0 1659 0
-1659 569 0 -1659 0
1658 -568 0 1658 0
-1658 568 0 -1658 0
1656 -566 0 1656 0
-1656 566 0 -1656 0
1655 -565 0 1655 0
-1655 565 0 -1655 0
1654 -564 0 1654 0
-1654 564 0 -1654 0
1653 -563 0 1653 0
-1653 563 0 -1653 0
1652 -562 0 1652 0
-1652 562 0 -1652 0
1651 -561 0 1651 0
-1651 561 0 -1651 0
1650 -470 0 1650 0
-1650 470 0 -1650 0
1649 -469 0 1649 0
-1649 469 0 -1649 0
1648 -468 0 1648 0
-1648 468 0 -1648 0
1646 -466 0 1646 0
-1646 466 0 -1646 0
1645 -465 0 1645 0
-1645 465 0 -1645 0
1644 -464 0 1644 0
-1644 464 0 -1644 0
1643 -463 0 1643 0
-1643 463 0 -1643 0
1642 -462 0 1642 0
-1642 462 0 -1642 0
1641 -461 0 1641 0
-1641 461 0 -1641 0
1639 -369 0 1639 0
-1639 369 0 -1639 0
1638 -368 0 1638 0
-1638 368 0 -1638 0
1636 -366 0 1636 0
-1636 366 0 -1636 0
1635 -365 0 1635 0
-1635 365 0 -1635 0
1634 -364 0 1634 0
-1634 364 0 -1634 0
1633 -363 0 1633 0
-1633 363 0 -1633 0
1632 -362 0 1632 0
-1632 362 0 -1632 0
1631 -361 0 1631 0
-1631 361 0 -1631 0
1630 -270 0 1630 0
-1630 270 0 -1630 0
1629 -269 0 1629 0
-1629 269 0 -1629 0
1628 -268 0 1628 0
-1628 268 0 -1628 0
1626 -266 0 1626 0
-1626 266 0 -1626 0
1625 -265 0 1625 0
-1625 265 0 -1625 0
1624 -264 0 1624 0
-1624 264 0 -1624 0
1623 -263 0 1623 0
-1623 263 0 -1623 0
1622 -262 0 1622 0
-1622 262 0 -1622 0
1621 -261 0 1621 0
-1621 261 0 -1621 0
1620 -170 0 1620 0
-1620 170 0 -1620 0
1619 -169 0 1619 0
-1619 169 0 -1619 0
1618 -168 0 1618 0
-1618 168 0 -1618 0
1616 -166 0 1616 0
-1616 166 0 -1616 0
1615 -165 0 1615 0
-1615 165 0 -1615 0
1614 -164 0 1614 0
-1614 164 0 -1614 0
1613 -163 0 1613 0
-1613 163 0 -1613 0
1612 -162 0 1612 0
-1612 162 0 -1612 0
1611 -161 0 1611 0
-1611 161 0 -1611 0
1600 -960 0 1600 0
-1600 960 0 -1600 0
1599 -959 0 1599 0
-1599 959 0 -1599 0
1598 -958 0 1598 0
-1598 958 0 -1598 0
1597 -957 0 1597 0
-1597 957 0 -1597 0
1595 -955 0 1595 0
-1595 955 0 -1595 0
1594 -954 0 1594 0
-1594 954 0 -1594 0
1593 -953 0 1593 0
-1593 953 0 -1593 0
1592 -952 0 1592 0
-1592 952 0 -1592 0
1591 -951 0 1591 0
-1591 951 0 -1591 0
1590 -860 0 1590 0
-1590 860 0 -1590 0
1589 -859 0 1589 0
-1589 859 0 -1589 0
1588 -858 0 1588 0
-1588 858 0 -1588 0
1587 -857 0 1587 0
-1587 857 0 -1587 0
1585 -855 0 1585 0
-1585 855 0 -1585 0
1584 -854 0 1584 0
-1584 854 0 -1584 0
1583 -853 0 1583 0
-1583 853 0 -1583 0
1582 -852 0 1582 0
-1582 852 0 -1582 0
1581 -851 0 1581 0
-1581 851 0 -1581 0
1580 -760 0 1580 0
-1580 760 0 -1580 0
1579 -759 0 1579 0
-1579 759 0 -1579 0
1578 -758 0 1578 0
-1578 758 0 -1578 0
1577 -757 0 1577 0
-1577 757 0 -1577 0
1575 -755 0 1575 0
-1575 755 0 -1575 0
1574 -754 0 1574 0
-1574 754 0 -1574 0
1573 -753 0 1573 0
-1573 753 0 -1573 0
1572 -752 0 1572 0
-1572 752 0 -1572 0
1571 -751 0 1571 0
-1571 751 0 -1571 0
1570 -660 0 1570 0
-1570 660 0 -1570 0
1569 -659 0 1569 0
-1569 659 0 -1569 0
1568 -658 0 1568 0
-1568 658 0 -1568 0
1567 -657 0 1567 0
-1567 657 0 -1567 0
1565 -655 0 1565 0
-1565 655 0 -1565 0
1564 -654 0 1564 0
-1564 654 0 -1564 0
1563 -653 0 1563 0
-1563 653 0 -1563 0
1562 -652 0 1562 0
-1562 652 0 -1562 0
1561 -651 0 1561 0
-1561 651 0 -1561 0
1560 -560 0 1560 0
-1560 560 0 -1560 0
1559 -559 0 1559 0
-1559 559 0 -1559 0
1558 -558 0 1558 0
-1558 558 0 -1558 0
1557 -557 0 1557 0
-1557 557 0 -1557 0
1555 -555 0 1555 0
-1555 555 0 -1555 0
1554 -554 0 1554 0
-1554 554 0 -1554 0
1553 -553 0 1553 0
-1553 553 0 -1553 0
1552 -552 0 1552 0
-1552 552 0 -1552 0
1549 -459 0 1549 0
-1549 459 0 -1549 0
1548 -458 0 1548 0
-1548 458 0 -1548 0
1547 -457 0 1547 0
-1547 457 0 -1547 0
1545 -455 0 1545 0
-1545 455 0 -1545 0
1544 -454 0 1544 0
-1544 454 0 -1544 0
1543 -453 0 1543 0
-1543 453 0 -1543 0
1542 -452 0 1542 0
-1542 452 0 -1542 0
1541 -451 0 1541 0
-1541 451 0 -1541 0
1540 -360 0 1540 0
-1540 360 0 -1540 0
1539 -359 0 1539 0
-1539 359 0 -1539 0
1538 -358 0 1538 0
-1538 358 0 -1538 0
1537 -357 0 1537 0
-1537 357 0 -1537 0
1535 -355 0 1535 0
-1535 355 0 -1535 0
1534 -354 0 1534 0
-1534 354 0 -1534 0
1533 -353 0 1533 0
-1533 353 0 -1533 0
1532 -352 0 1532 0
-1532 352 0 -1532 0
1531 -351 0 1531 0
-1531 351 0 -1531 0
1530 -260 0 1530 0
-1530 260 0 -1530 0
1529 -259 0 1529 0
-1529 259 0 -1529 0
1528 -258 0 1528 0
-1528 258 0 -1528 0
1527 -257 0 1527 0
-1527 257 0 -1527 0
1525 -255 0 1525 0
-1525 255 0 -1525 0
1524 -254 0 1524 0
-1524 254 0 -1524 0
1523 -253 0 1523 0
-1523 253 0 -1523 0
1522 -252 0 1522 0
-1522 252 0 -1522 0
1521 -251 0 1521 0
-1521 251 0 -1521 0
1520 -160 0 1520 0
-1520 160 0 -1520 0
1519 -159 0 1519 0
-1519 159 0 -1519 0
1518 -158 0 1518 0
-1518 158 0 -1518 0
1517 -157 0 1517 0
-1517 157 0 -1517 0
1515 -155 0 1515 0
-1515 155 0 -1515 0
1514 -154 0 1514 0
-1514 154 0 -1514 0
1513 -153 0 1513 0
-1513 153 0 -1513 0
1512 -152 0 1512 0
-1512 152 0 -1512 0
1511 -151 0 1511 0
-1511 151 0 -1511 0
1500 -950 0 1500 0
-1500 950 0 -1500 0
1499 -949 0 1499 0
-1499 949 0 -1499 0
1498 -948 0 1498 0
-1498 948 0 -1498 0
1497 -947 0 1497 0
-1497 947 0 -1497 0
1496 -946 0 1496 0
-1496 946 0 -1496 0
1494 -944 0 1494 0
-1494 944 0 -1494 0
1493 -943 0 1493 0
-1493 943 0 -1493 0
1492 -942 0 1492 0
-1492 942 0 -1492 0
1491 -941 0 1491 0
-1491 941 0 -1491 0
1490 -850 0 1490 0
-1490 850 0 -1490 0
1489 -849 0 1489 0
-1489 849 0 -1489 0
1488 -848 0 1488 0
-1488 848 0 -1488 0
1487 -847 0 1487 0
-1487 847 0 -1487 0
1486 -846 0 1486 0
-1486 846 0 -1486 0
1484 -844 0 1484 0
-1484 844 0 -1484 0
1483 -843 0 1483 0
-1483 843 0 -1483 0
1482 -842 0 1482 0
-1482 842 0 -1482 0
1481 -841 0 1481 0
-1481 841 0 -1481 0
1480 -750 0 1480 0
-1480 750 0 -1480 0
1479 -749 0 1479 0
-1479 749 0 -1479 0
1478 -748 0 1478 0
-1478 748 0 -1478 0
1477 -747 0 1477 0
-1477 747 0 -1477 0
1476 -746 0 1476 0
-1476 746 0 -1476 0
1474 -744 0 1474 0
-1474 744 0 -1474 0
1473 -743 0 1473 0
-1473 743 0 -1473 0
1472 -742 0 1472 0
-1472 742 0 -1472 0
1471 -741 0 1471 0
-1471 741 0 -1471 0
1470 -650 0 1470 0
-1470 650 0 -1470 0
1469 -649 0 1469 0
-1469 649 0 -1469 0
1468 -648 0 1468 0
-1468 648 0 -1468 0
1467 -647 0 1467 0
-1467 647 0 -1467 0
1466 -646 0 1466 0
-1466 646 0 -1466 0
1464 -644 0 1464 0
-1464 644 0 -1464 0
1463 -643 0 1463 0
-1463 643 0 -1463 0
1462 -642 0 1462 0
-1462 642 0 -1462 0
1461 -641 0 1461 0
-1461 641 0 -1461 0
1459 -549 0 1459 0
-1459 549 0 -1459 0
1458 -548 0 1458 0
-1458 548 0 -1458 0
1457 -547 0 1457 0
-1457 547 0 -1457 0
1456 -546 0 1456 0
-1456 546 0 -1456 0
1454 -544 0 1454 0
-1454 544 0 -1454 0
1453 -543 0 1453 0
-1453 543 0 -1453 0
1452 -542 0 1452 0
-1452 542 0 -1452 0
1451 -541 0 1451 0
-1451 541 0 -1451 0
1450 -450 0 1450 0
-1450 450 0 -1450 0
1449 -449 0 1449 0
-1449 449 0 -1449 0
1448 -448 0 1448 0
-1448 448 0 -1448 0
1447 -447 0 1447 0
-1447 447 0 -1447 0
1446 -446 0 1446 0
-1446 446 0 -1446 0
1444 -444 0 1444 0
-1444 444 0 -1444 0
1443 -443 0 1443 0
-1443 443 0 -1443 0
1442 -442 0 1442 0
-1442 442 0 -1442 0
1440 -350 0 1440 0
-1440 350 0 -1440 0
1439 -349 0 1439 0
-1439 349 0 -1439 0
1438 -348 0 1438 0
-1438 348 0 -1438 0
1437 -347 0 1437 0
-1437 347 0 -1437 0
1436 -346 0 1436 0
-1436 346 0 -1436 0
1434 -344 0 1434 0
-1434 344 0 -1434 0
1433 -343 0 1433 0
-1433 343 0 -1433 0
1432 -342 0 1432 0
-1432 342 0 -1432 0
1431 -341 0 1431 0
-1431 341 0 -1431 0
1430 -250 0 1430 0
-1430 250 0 -1430 0
1429 -249 0 1429 0
-1429 249 0 -1429 0
1428 -248 0 1428 0
-1428 248 0 -1428 0
1427 -247 0 1427 0
-1427 247 0 -1427 0
1426 -246 0 1426 0
-1426 246 0 -1426 0
1424 -244 0 1424 0
-1424 244 0 -1424 0
1423 -243 0 1423 0
-1423 243 0 -1423 0
1422 -242 0 1422 0
-1422 242 0 -1422 0
1421 -241 0 1421 0
-1421 241 0 -1421 0
1420 -150 0 1420 0
-1420 150 0 -1420 0
1419 -149 0 1419 0
-1419 149 0 -1419 0
1418 -148 0 1418 0
-1418 148 0 -1418 0
1417 -147 0 1417 0
-1417 147 0 -1417 0
1416 -146 0 1416 0
-1416 146 0 -1416 0
1414 -144 0 1414 0
-1414 144 0 -1414 0
1413 -143 0 1413 0
-1413 143 0 -1413 0
1412 -142 0 1412 0
-1412 142 0 -1412 0
1411 -141 0 1411 0
-1411 141 0 -1411 0
1400 -940 0 1400 0
-1400 940 0 -1400 0
1399 -939 0 1399 0
-1399 939 0 -1399 0
1398 -938 0 1398 0
-1398 938 0 -1398 0
1397 -937 0 1397 0
-1397 937 0 -1397 0
1396 -936 0 1396 0
-1396 936 0 -1396 0
1395 -935 0 1395 0
-1395 935 0 -1395 0
1393 -933 0 1393 0
-1393 933 0 -1393 0
1392 -932 0 1392 0
-1392 932 0 -1392 0
1391 -931 0 1391 0
-1391 931 0 -1391 0
1390 -840 0 1390 0
-1390 840 0 -1390 0
1389 -839 0 1389 0
-1389 839 0 -1389 0
1388 -838 0 1388 0
-1388 838 0 -1388 0
1387 -837 0 1387 0
-1387 837 0 -1387 0
1386 -836 0 1386 0
-1386 836 0 -1386 0
1385 -835 0 1385 0
-1385 835 0 -1385 0
1383 -833 0 1383 0
-1383 833 0 -1383 0
1382 -832 0 1382 0
-1382 832 0 -1382 0
1381 -831 0 1381 0
-1381 831 0 -1381 0
1380 -740 0 1380 0
-1380 740 0 -1380 0
1379 -739 0 1379 0
-1379 739 0 -1379 0
1378 -738 0 1378 0
-1378 738 0 -1378 0
1377 -737 0 1377 0
-1377 737 0 -1377 0
1376 -736 0 1376 0
-1376 736 0 -1376 0
1375 -735 0 1375 0
-1375 735 0 -1375 0
1373 -733 0 1373 0
-1373 733 0 -1373 0
1372 -732 0 1372 0
-1372 732 0 -1372 0
1371 -731 0 1371 0
-1371 731 0 -1371 0
1369 -639 0 1369 0
-1369 639 0 -1369 0
1368 -638 0 1368 0
-1368 638 0 -1368 0
1367 -637 0 1367 0
-1367 637 0 -1367 0
1366 -636 0 1366 0
-1366 636 0 -1366 0
1365 -635 0 1365 0
-1365 635 0 -1365 0
1363 -633 0 1363 0
-1363 633 0 -1363 0
1362 -632 0 1362 0
-1362 632 0 -1362 0
1361 -631 0 1361 0
-1361 631 0 -1361 0
1360 -540 0 1360 0
-1360 540 0 -1360 0
1359 -539 0 1359 0
-1359 539 0 -1359 0
1358 -538 0 1358 0
-1358 538 0 -1358 0
1357 -537 0 1357 0
-1357 537 0 -1357 0
1356 -536 0 1356 0
-1356 536 0 -1356 0
1355 -535 0 1355 0
-1355 535 0 -1355 0
1353 -533 0 1353 0
-1353 533 0 -1353 0
1352 -532 0 1352 0
-1352 532 0 -1352 0
1351 -531 0 1351 0
-1351 531 0 -1351 0
1350 -440 0 1350 0
-1350 440 0 -1350 0
1349 -439 0 1349 0
-1349 439 0 -1349 0
1348 -438 0 1348 0
-1348 438 0 -1348 0
1347 -437 0 1347 0
-1347 437 0 -1347 0
1346 -436 0 1346 0
-1346 436 0 -1346 0
1345 -435 0 1345 0
-1345 435 0 -1345 0
1343 -433 0 1343 0
-1343 433 0 -1343 0
1342 -432 0 1342 0
-1342 432 0 -1342 0
1341 -431 0 1341 0
-1341 431 0 -1341 0
1340 -340 0 1340 0
-1340 340 0 -1340 0
1339 -339 0 1339 0
-1339 339 0 -1339 0
1338 -338 0 1338 0
-1338 338 0 -1338 0
1337 -337 0 1337 0
-1337 337 0 -1337 0
1336 -336 0 1336 0
-1336 336 0 -1336 0
1335 -335 0 1335 0
-1335 335 0 -1335 0
1333 -333 0 1333 0
-1333 333 0 -1333 0
1332 -332 0 1332 0
-1332 332 0 -1332 0
1330 -240 0 1330 0
-1330 240 0 -1330 0
1329 -239 0 1329 0
-1329 239 0 -1329 0
1328 -238 0 1328 0
-1328 238 0 -1328 0
1327 -237 0 1327 0
-1327 237 0 -1327 0
1326 -236 0 1326 0
-1326 236 0 -1326 0
1325 -235 0 1325 0
-1325 235 0 -1325 0
1323 -233 0 1323 0
-1323 233 0 -1323 0
1322 -232 0 1322 0
-1322 232 0 -1322 0
1321 -231 0 1321 0
-1321 231 0 -1321 0
1320 -140 0 1320 0
-1320 140 0 -1320 0
1319 -139 0 1319 0
-1319 139 0 -1319 0
1318 -138 0 1318 0
-1318 138 0 -1318 0
1317 -137 0 1317 0
-1317 137 0 -1317 0
1316 -136 0 1316 0
-1316 136 0 -1316 0
1315 -135 0 1315 0
-1315 135 0 -1315 0
1313 -133 0 1313 0
-1313 133 0 -1313 0
1312 -132 0 1312 0
-1312 132 0 -1312 0
1311 -131 0 1311 0
-1311 131 0 -1311 0
1300 -930 0 1300 0
-1300 930 0 -1300 0
1299 -929 0 1299 0
-1299 929 0 -1299 0
1298 -928 0 1298 0
-1298 928 0 -1298 0
1297 -927 0 1297 0
-1297 927 0 -1297 0
1296 -926 0 1296 0
-1296 926 0 -1296 0
1295 -925 0 1295 0
-1295 925 0 -1295 0
1294 -924 0 1294 0
-1294 924 0 -1294 0
1292 -922 0 1292 0
-1292 922 0 -1292 0
1291 -921 0 1291 0
-1291 921 0 -1291 0
1290 -830 0 1290 0
-1290 830 0 -1290 0
1289 -829 0 1289 0
-1289 829 0 -1289 0
1288 -828 0 1288 0
-1288 828 0 -1288 0
1287 -827 0 1287 0
-1287 827 0 -1287 0
1286 -826 0 1286 0
-1286 826 0 -1286 0
1285 -825 0 1285 0
-1285 825 0 -1285 0
1284 -824 0 1284 0
-1284 824 0 -1284 0
1282 -822 0 1282 0
-1282 822 0 -1282 0
1281 -821 0 1281 0
-1281 821 0 -1281 0
1279 -729 0 1279 0
-1279 729 0 -1279 0
1278 -728 0 1278 0
-1278 728 0 -1278 0
1277 -727 0 1277 0
-1277 727 0 -1277 0
1276 -726 0 1276 0
-1276 726 0 -1276 0
1275 -725 0 1275 0
-1275 725 0 -1275 0
1274 -724 0 1274 0
-1274 724 0 -1274 0
1272 -722 0 1272 0
-1272 722 0 -1272 0
1271 -721 0 1271 0
-1271 721 0 -1271 0
1270 -630 0 1270 0
-1270 630 0 -1270 0
1269 -629 0 1269 0
-1269 629 0 -1269 0
1268 -628 0 1268 0
-1268 628 0 -1268 0
1267 -627 0 1267 0
-1267 627 0 -1267 0
1266 -626 0 1266 0
-1266 626 0 -1266 0
1265 -625 0 1265 0
-1265 625 0 -1265 0
1264 -624 0 1264 0
-1264 624 0 -1264 0
1262 -622 0 1262 0
-1262 622 0 -1262 0
1261 -621 0 1261 0
-1261 621 0 -1261 0
1260 -530 0 1260 0
-1260 530 0 -1260 0
1259 -529 0 1259 0
-1259 529 0 -1259 0
1258 -528 0 1258 0
-1258 528 0 -1258 0
1257 -527 0 1257 0
-1257 527 0 -1257 0
1256 -526 0 1256 0
-1256 526 0 -1256 0
1255 -525 0 1255 0
-1255 525 0 -1255 0
1254 -524 0 1254 0
-1254 524 0 -1254 0
1252 -522 0 1252 0
-1252 522 0 -1252 0
1251 -521 0 1251 0
-1251 521 0 -1251 0
1250 -430 0 1250 0
-1250 430 0 -1250 0
1249 -429 0 1249 0
-1249 429 0 -1249 0
1248 -428 0 1248 0
-1248 428 0 -1248 0
1247 -427 0 1247 0
-1247 427 0 -1247 0
1246 -426 0 1246 0
-1246 426 0 -1246 0
1245 -425 0 1245 0
-1245 425 0 -1245 0
1244 -424 0 1244 0
-1244 424 0 -1244 0
1242 -422 0 1242 0
-1242 422 0 -1242 0
1241 -421 0 1241 0
-1241 421 0 -1241 0
1240 -330 0 1240 0
-1240 330 0 -1240 0
1239 -329 0 1239 0
-1239 329 0 -1239 0
1238 -328 0 1238 0
-1238 328 0 -1238 0
1237 -327 0 1237 0
-1237 327 0 -1237 0
1236 -326 0 1236 0
-1236 326 0 -1236 0
1235 -325 0 1235 0
-1235 325 0 -1235 0
1234 -324 0 1234 0
-1234 324 0 -1234 0
1232 -322 0 1232 0
-1232 322 0 -1232 0
1231 -321 0 1231 0
-1231 321 0 -1231 0
1230 -230 0 1230 0
-1230 230 0 -1230 0
1229 -229 0 1229 0
-1229 229 0 -1229 0
1228 -228 0 1228 0
-1228 228 0 -1228 0
1227 -227 0 1227 0
-1227 227 0 -1227 0
1226 -226 0 1226 0
-1226 226 0 -1226 0
1225 -225 0 1225 0
-1225 225 0 -1225 0
1224 -224 0 1224 0
-1224 224 0 -1224 0
1222 -222 0 1222 0
-1222 222 0 -1222 0
1220 -130 0 1220 0
-1220 130 0 -1220 0
1219 -129 0 1219 0
-1219 129 0 -1219 0
1218 -128 0 1218 0
-1218 128 0 -1218 0
1217 -127 0 1217 0
-1217 127 0 -1217 0
1216 -126 0 1216 0
-1216 126 0 -1216 0
1215 -125 0 1215 0
-1215 125 0 -1215 0
1214 -124 0 1214 0
-1214 124 0 -1214 0
1212 -122 0 1212 0
-1212 122 0 -1212 0
1211 -121 0 1211 0
-1211 121 0 -1211 0
1200 -920 0 1200 0
-1200 920 0 -1200 0
1199 -919 0 1199 0
-1199 919 0 -1199 0
1198 -918 0 1198 0
-1198 918 0 -1198 0
1197 -917 0 1197 0
-1197 917 0 -1197 0
1196 -916 0 1196 0
-1196 916 0 -1196 0
1195 -915 0 1195 0
-1195 915 0 -1195 0
1194 -914 0 1194 0
-1194 914 0 -1194 0
1193 -913 0 1193 0
-1193 913 0 -1193 0
1191 -911 0 1191 0
-1191 911 0 -1191 0
1189 -819 0 1189 0
-1189 819 0 -1189 0
1188 -818 0 1188 0
-1188 818 0 -1188 0
1187 -817 0 1187 0
-1187 817 0 -1187 0
1186 -816 0 1186 0
-1186 816 0 -1186 0
1185 -815 0 1185 0
-1185 815 0 -1185 0
1184 -814 0 1184 0
-1184 814 0 -1184 0
1183 -813 0 1183 0
-1183 813 0 -1183 0
1181 -811 0 1181 0
-1181 811 0 -1181 0
1180 -720 0 1180 0
-1180 720 0 -1180 0
1179 -719 0 1179 0
-1179 719 0 -1179 0
1178 -718 0 1178 0
-1178 718 0 -1178 0
1177 -717 0 1177 0
-1177 717 0 -1177 0
1176 -716 0 1176 0
-1176 716 0 -1176 0
1175 -715 0 1175 0
-1175 715 0 -1175 0
1174 -714 0 1174 0
-1174 714 0 -1174 0
1173 -713 0 1173 0
-1173 713 0 -1173 0
1171 -711 0 1171 0
-1171 711 0 -1171 0
1170 -620 0 1170 0
-1170 620 0 -1170 0
1169 -619 0 1169 0
-1169 619 0 -1169 0
1168 -618 0 1168 0
-1168 618 0 -1168 0
1167 -617 0 1167 0
-1167 617 0 -1167 0
1166 -616 0 1166 0
-1166 616 0 -1166 0
1165 -615 0 1165 0
-1165 615 0 -1165 0
1164 -614 0 1164 0
-1164 614 0 -1164 0
1163 -613 0 1163 0
-1163 613 0 -1163 0
1161 -611 0 1161 0
-1161 611 0 -1161 0
1160 -520 0 1160 0
-1160 520 0 -1160 0
1159 -519 0 1159 0
-1159 519 0 -1159 0
1158 -518 0 1158 0
-1158 518 0 -1158 0
1157 -517 0 1157 0
-1157 517 0 -1157 0
1156 -516 0 1156 0
-1156 516 0 -1156 0
1155 -515 0 1155 0
-1155 515 0 -1155 0
1154 -514 0 1154 0
-1154 514 0 -1154 0
1153 -513 0 1153 0
-1153 513 0 -1153 0
1151 -511 0 1151 0
-1151 511 0 -1151 0
1150 -420 0 1150 0
-1150 420 0 -1150 0
1149 -419 0 1149 0
-1149 419 0 -1149 0
1148 -418 0 1148 0
-1148 418 0 -1148 0
1147 -417 0 1147 0
-1147 417 0 -1147 0
1146 -416 0 1146 0
-1146 416 0 -1146 0
1145 -415 0 1145 0
-1145 415 0 -1145 0
1144 -414 0 1144 0
-1144 414 0 -1144 0
1143 -413 0 1143 0
-1143 413 0 -1143 0
1141 -411 0 1141 0
-1141 411 0 -1141 0
1140 -320 0 1140 0
-1140 320 0 -1140 0
1139 -319 0 1139 0
-1139 319 0 -1139 0
1138 -318 0 1138 0
-1138 318 0 -1138 0
1137 -317 0 1137 0
-1137 317 0 -1137 0
1136 -316 0 1136 0
-1136 316 0 -1136 0
1135 -315 0 1135 0
-1135 315 0 -1135 0
1134 -314 0 1134 0
-1134 314 0 -1134 0
1133 -313 0 1133 0
-1133 313 0 -1133 0
1131 -311 0 1131 0
-1131 311 0 -1131 0
1130 -220 0 1130 0
-1130 220 0 -1130 0
1129 -219 0 1129 0
-1129 219 0 -1129 0
1128 -218 0 1128 0
-1128 218 0 -1128 0
1127 -217 0 1127 0
-1127 217 0 -1127 0
1126 -216 0 1126 0
-1126 216 0 -1126 0
1125 -215 0 1125 0
-1125 215 0 -1125 0
1124 -214 0 1124 0
-1124 214 0 -1124 0
1123 -213 0 1123 0
-1123 213 0 -1123 0
1121 -211 0 1121 0
-1121 211 0 -1121 0
1120 -120 0 1120 0
-1120 120 0 -1120 0
1119 -119 0 1119 0
-1119 119 0 -1119 0
1118 -118 0 1118 0
-1118 118 0 -1118 0
1117 -117 0 1117 0
-1117 117 0 -1117 0
1116 -116 0 1116 0
-1116 116 0 -1116 0
1115 -115 0 1115 0
-1115 115 0 -1115 0
1114 -114 0 1114 0
-1114 114 0 -1114 0
1113 -113 0 1113 0
-1113 113 0 -1113 0
1099 -909 0 1099 0
-1099 909 0 -1099 0
1098 -908 0 1098 0
-1098 908 0 -1098 0
1097 -907 0 1097 0
-1097 907 0 -1097 0
1096 -906 0 1096 0
-1096 906 0 -1096 0
1095 -905 0 1095 0
-1095 905 0 -1095 0
1094 -904 0 1094 0
-1094 904 0 -1094 0
1093 -903 0 1093 0
-1093 903 0 -1093 0
1092 -902 0 1092 0
-1092 902 0 -1092 0
1090 -810 0 1090 0
-1090 810 0 -1090 0
1088 -808 0 1088 0
-1088 808 0 -1088 0
1087 -807 0 1087 0
-1087 807 0 -1087 0
1086 -806 0 1086 0
-1086 806 0 -1086 0
1085 -805 0 1085 0
-1085 805 0 -1085 0
1084 -804 0 1084 0
-1084 804 0 -1084 0
1083 -803 0 1083 0
-1083 803 0 -1083 0
1082 -802 0 1082 0
-1082 802 0 -1082 0
1080 -710 0 1080 0
-1080 710 0 -1080 0
1079 -709 0 1079 0
-1079 709 0 -1079 0
1077 -707 0 1077 0
-1077 707 0 -1077 0
1076 -706 0 1076 0
-1076 706 0 -1076 0
1075 -705 0 1075 0
-1075 705 0 -1075 0
1074 -704 0 1074 0
-1074 704 0 -1074 0
1073 -703 0 1073 0
-1073 703 0 -1073 0
1072 -702 0 1072 0
-1072 702 0 -1072 0
1070 -610 0 1070 0
-1070 610 0 -1070 0
1069 -609 0 1069 0
-1069 609 0 -1069 0
1068 -608 0 1068 0
-1068 608 0 -1068 0
1066 -606 0 1066 0
-1066 606 0 -1066 0
1065 -605 0 1065 0
-1065 605 0 -1065 0
1064 -604 0 1064 0
-1064 604 0 -1064 0
1063 -603 0 1063 0
-1063 603 0 -1063 0
1062 -602 0 1062 0
-1062 602 0 -1062 0
1060 -510 0 1060 0
-1060 510 0 -1060 0
1059 -509 0 1059 0
-1059 509 0 -1059 0
1058 -508 0 1058 0
-1058 508 0 -1058 0
1057 -507 0 1057 0
-1057 507 0 -1057 0
1055 -505 0 1055 0
-1055 505 0 -1055 0
1054 -504 0 1054 0
-1054 504 0 -1054 0
1053 -503 0 1053 0
-1053 503 0 -1053 0
1052 -502 0 1052 0
-1052 502 0 -1052 0
1050 -410 0 1050 0
-1050 410 0 -1050 0
1049 -409 0 1049 0
-1049 409 0 -1049 0
1048 -408 0 1048 0
-1048 408 0 -1048 0
1047 -407 0 1047 0
-1047 407 0 -1047 0
1046 -406 0 1046 0
-1046 406 0 -1046 0
1044 -404 0 1044 0
-1044 404 0 -1044 0
1043 -403 0 1043 0
-1043 403 0 -1043 0
1042 -402 0 1042 0
-1042 402 0 -1042 0
1040 -310 0 1040 0
-1040 310 0 -1040 0
1039 -309 0 1039 0
-1039 309 0 -1039 0
1038 -308 0 1038 0
-1038 308 0 -1038 0
1037 -307 0 1037 0
-1037 307 0 -1037 0
1036 -306 0 1036 0
-1036 306 0 -1036 0
1035 -305 0 1035 0
-1035 305 0 -1035 0
1033 -303 0 1033 0
-1033 303 0 -1033 0
1032 -302 0 1032 0
-1032 302 0 -1032 0
1030 -210 0 1030 0
-1030 210 0 -1030 0
1029 -209 0 1029 0
-1029 209 0 -1029 0
1028 -208 0 1028 0
-1028 208 0 -1028 0
1027 -207 0 1027 0
-1027 207 0 -1027 0
1026 -206 0 1026 0
-1026 206 0 -1026 0
1025 -205 0 1025 0
-1025 205 0 -1025 0
1024 -204 0 1024 0
-1024 204 0 -1024 0
1022 -202 0 1022 0
-1022 202 0 -1022 0
1020 -110 0 1020 0
-1020 110 0 -1020 0
1019 -109 0 1019 0
-1019 109 0 -1019 0
1018 -108 0 1018 0
-1018 108 0 -1018 0
1017 -107 0 1017 0
-1017 107 0 -1017 0
1016 -106 0 1016 0
-1016 106 0 -1016 0
1015 -105 0 1015 0
-1015 105 0 -1015 0
1014 -104 0 1014 0
-1014 104 0 -1014 0
1013 -103 0 1013 0
-1013 103 0 -1013 0
